0 33.2229
0.01 33.2733
0.02 33.3085
0.03 33.333
0.04 33.35
0.05 33.3619
0.06 33.3702
0.07 33.3761
0.08 33.3804
0.09 33.3835
0.1 33.3859
0.11 33.3877
0.12 33.3893
0.13 33.3907
0.14 33.3919
0.15 33.3932
0.16 33.3944
0.17 33.3958
0.18 33.3973
0.19 33.3989
0.2 33.4008
0.21 33.403
0.22 33.4056
0.23 33.4086
0.24 33.4122
0.25 33.4166
0.26 33.4219
0.27 33.4283
0.28 33.4363
0.29 33.4462
0.3 33.4588
0.31 33.4748
0.32 33.4954
0.33 33.5221
0.34 33.5572
0.35 33.6036
0.36 33.6656
0.37 33.7486
0.38 33.8601
0.39 34.0088
0.4 34.2035
0.41 34.4501
0.42 34.7446
0.43 35.0683
0.44 35.3896
0.45 35.6762
0.46 35.9097
0.47 36.0878
0.48 36.2177
0.49 36.3101
0.5 36.3746
0.51 36.4192
0.52 36.4499
0.53 36.4709
0.54 36.4854
0.55 36.4953
0.56 36.5021
0.57 36.5069
0.58 36.5103
0.59 36.5128
0.6 36.5146
0.61 36.5161
0.62 36.5172
0.63 36.5183
0.64 36.5192
0.65 36.5201
0.66 36.521
0.67 36.522
0.68 36.5231
0.69 36.5244
0.7 36.5258
0.71 36.5274
0.72 36.5293
0.73 36.5316
0.74 36.5343
0.75 36.5376
0.76 36.5416
0.77 36.5465
0.78 36.5526
0.79 36.5603
0.8 36.5701
0.81 36.5827
0.82 36.599
0.83 36.6205
0.84 36.649
0.85 36.6872
0.86 36.739
0.87 36.8097
0.88 36.9067
0.89 37.0395
0.9 37.2193
0.91 37.4559
0.92 37.7508
0.93 38.0884
0.94 38.4343
0.95 38.7491
0.96 39.0076
0.97 39.2042
0.98 39.3466
0.99 39.4466
1 39.5156
1.01 39.5627
1.02 39.5947
1.03 39.6163
1.04 39.6309
1.05 39.6408
1.06 39.6475
1.07 39.6521
1.08 39.6553
1.09 39.6575
1.1 39.6592
1.11 39.6604
1.12 39.6613
1.13 39.6621
1.14 39.6628
1.15 39.6634
1.16 39.664
1.17 39.6646
1.18 39.6653
1.19 39.666
1.2 39.6668
1.21 39.6678
1.22 39.6689
1.23 39.6702
1.24 39.6717
1.25 39.6736
1.26 39.676
1.27 39.6788
1.28 39.6824
1.29 39.687
1.3 39.6928
1.31 39.7004
1.32 39.7102
1.33 39.7234
1.34 39.741
1.35 39.7649
1.36 39.7977
1.37 39.8434
1.38 39.9074
1.39 39.9977
1.4 40.1252
1.41 40.3036
1.42 40.5466
1.43 40.8591
1.44 41.2234
1.45 41.596
1.46 41.9281
1.47 42.1928
1.48 42.3886
1.49 42.527
1.5 42.6224
1.51 42.6872
1.52 42.7309
1.53 42.7602
1.54 42.7798
1.55 42.793
1.56 42.8018
1.57 42.8078
1.58 42.8119
1.59 42.8147
1.6 42.8166
1.61 42.8179
1.62 42.8189
1.63 42.8196
1.64 42.8201
1.65 42.8205
1.66 42.8208
1.67 42.8211
1.68 42.8213
1.69 42.8216
1.7 42.8218
1.71 42.822
1.72 42.8222
1.73 42.8225
1.74 42.8228
1.75 42.8232
1.76 42.8236
1.77 42.8241
1.78 42.8248
1.79 42.8256
1.8 42.8267
1.81 42.8281
1.82 42.8299
1.83 42.8323
1.84 42.8356
1.85 42.84
1.86 42.8463
1.87 42.855
1.88 42.8674
1.89 42.8853
1.9 42.9112
1.91 42.9494
1.92 43.0059
1.93 43.0899
1.94 43.2146
1.95 43.3979
1.96 43.6584
1.97 44.0044
1.98 44.4121
1.99 44.8202
2 45.1666
2.01 45.426
2.02 45.6064
2.03 45.7273
2.04 45.8069
2.05 45.8592
2.06 45.8934
2.07 45.9159
2.08 45.9308
2.09 45.9407
2.1 45.9473
2.11 45.9519
2.12 45.955
2.13 45.9572
2.14 45.9587
2.15 45.9598
2.16 45.9606
2.17 45.9613
2.18 45.9618
2.19 45.9622
2.2 45.9625
2.21 45.9629
2.22 45.9632
2.23 45.9635
2.24 45.9638
2.25 45.9642
2.26 45.9646
2.27 45.9651
2.28 45.9658
2.29 45.9665
2.3 45.9675
2.31 45.9688
2.32 45.9705
2.33 45.9727
2.34 45.9757
2.35 45.9798
2.36 45.9854
2.37 45.9934
2.38 46.0047
2.39 46.021
2.4 46.0446
2.41 46.0794
2.42 46.131
2.43 46.2077
2.44 46.3219
2.45 46.4906
2.46 46.7331
2.47 47.0617
2.48 47.4611
2.49 47.8763
2.5 48.2405
2.51 48.5192
2.52 48.7152
2.53 48.8471
2.54 48.9342
2.55 48.9913
2.56 49.0287
2.57 49.0533
2.58 49.0695
2.59 49.0803
2.6 49.0876
2.61 49.0925
2.62 49.0959
2.63 49.0983
2.64 49.0999
2.65 49.1011
2.66 49.102
2.67 49.1027
2.68 49.1032
2.69 49.1037
2.7 49.104
2.71 49.1044
2.72 49.1047
2.73 49.105
2.74 49.1053
2.75 49.1057
2.76 49.1061
2.77 49.1067
2.78 49.1073
2.79 49.1081
2.8 49.109
2.81 49.1103
2.82 49.1119
2.83 49.1141
2.84 49.1171
2.85 49.1211
2.86 49.1267
2.87 49.1346
2.88 49.1457
2.89 49.1618
2.9 49.1852
2.91 49.2196
2.92 49.2706
2.93 49.3464
2.94 49.4593
2.95 49.6262
2.96 49.8665
2.97 50.1927
2.98 50.5909
2.99 51.0068
3 51.3732
3.01 51.6544
3.02 51.8524
3.03 51.9858
3.04 52.0739
3.05 52.1316
3.06 52.1695
3.07 52.1943
3.08 52.2107
3.09 52.2217
3.1 52.229
3.11 52.234
3.12 52.2374
3.13 52.2398
3.14 52.2415
3.15 52.2427
3.16 52.2436
3.17 52.2443
3.18 52.2448
3.19 52.2452
3.2 52.2456
3.21 52.2459
3.22 52.2463
3.23 52.2466
3.24 52.2469
3.25 52.2473
3.26 52.2477
3.27 52.2482
3.28 52.2489
3.29 52.2496
3.3 52.2506
3.31 52.2519
3.32 52.2535
3.33 52.2557
3.34 52.2587
3.35 52.2627
3.36 52.2683
3.37 52.2761
3.38 52.2873
3.39 52.3034
3.4 52.3267
3.41 52.3611
3.42 52.4119
3.43 52.4877
3.44 52.6005
3.45 52.7672
3.46 53.0072
3.47 53.3332
3.48 53.7313
3.49 54.1472
3.5 54.5138
3.51 54.7953
3.52 54.9936
3.53 55.1271
3.54 55.2153
3.55 55.2731
3.56 55.311
3.57 55.3359
3.58 55.3523
3.59 55.3632
3.6 55.3706
3.61 55.3756
3.62 55.379
3.63 55.3814
3.64 55.3831
3.65 55.3843
3.66 55.3852
3.67 55.3859
3.68 55.3864
3.69 55.3868
3.7 55.3872
3.71 55.3875
3.72 55.3879
3.73 55.3882
3.74 55.3885
3.75 55.3889
3.76 55.3893
3.77 55.3898
3.78 55.3905
3.79 55.3912
3.8 55.3922
3.81 55.3935
3.82 55.3951
3.83 55.3973
3.84 55.4002
3.85 55.4043
3.86 55.4099
3.87 55.4177
3.88 55.4289
3.89 55.4449
3.9 55.4683
3.91 55.5027
3.92 55.5535
3.93 55.6293
3.94 55.7421
3.95 55.9088
3.96 56.1488
3.97 56.4748
3.98 56.8729
3.99 57.2888
4 57.6555
4.01 57.9369
4.02 58.1352
4.03 58.2687
4.04 58.3569
4.05 58.4147
4.06 58.4526
4.07 58.4775
4.08 58.4939
4.09 58.5048
4.1 58.5122
4.11 58.5172
4.12 58.5206
4.13 58.523
4.14 58.5246
4.15 58.5259
4.16 58.5268
4.17 58.5274
4.18 58.528
4.19 58.5284
4.2 58.5288
4.21 58.5291
4.22 58.5294
4.23 58.5298
4.24 58.5301
4.25 58.5305
4.26 58.5309
4.27 58.5314
4.28 58.5321
4.29 58.5328
4.3 58.5338
4.31 58.5351
4.32 58.5367
4.33 58.5389
4.34 58.5418
4.35 58.5459
4.36 58.5515
4.37 58.5593
4.38 58.5705
4.39 58.5865
4.4 58.6099
4.41 58.6443
4.42 58.6951
4.43 58.7709
4.44 58.8837
4.45 59.0504
4.46 59.2904
4.47 59.6164
4.48 60.0145
4.49 60.4305
4.5 60.7971
4.51 61.0786
4.52 61.2768
4.53 61.4103
4.54 61.4985
4.55 61.5563
4.56 61.5942
4.57 61.6191
4.58 61.6355
4.59 61.6464
4.6 61.6538
4.61 61.6588
4.62 61.6622
4.63 61.6646
4.64 61.6662
4.65 61.6675
4.66 61.6684
4.67 61.669
4.68 61.6696
4.69 61.67
4.7 61.6704
4.71 61.6707
4.72 61.671
4.73 61.6714
4.74 61.6717
4.75 61.6721
4.76 61.6725
4.77 61.673
4.78 61.6736
4.79 61.6744
4.8 61.6754
4.81 61.6766
4.82 61.6783
4.83 61.6805
4.84 61.6834
4.85 61.6875
4.86 61.6931
4.87 61.7009
4.88 61.7121
4.89 61.7281
4.9 61.7515
4.91 61.7859
4.92 61.8367
4.93 61.9125
4.94 62.0253
4.95 62.192
4.96 62.432
4.97 62.7581
4.98 63.1562
4.99 63.5721
5 63.9387
5.01 64.2202
5.02 64.4184
5.03 64.5519
5.04 64.6401
5.05 64.6979
5.06 64.7358
5.07 64.7606
5.08 64.7771
5.09 64.788
5.1 64.7954
5.11 64.8003
5.12 64.8038
5.13 64.8061
5.14 64.8078
5.15 64.8091
5.16 64.8099
5.17 64.8106
5.18 64.8112
5.19 64.8116
5.2 64.812
5.21 64.8123
5.22 64.8126
5.23 64.813
5.24 64.8133
5.25 64.8137
5.26 64.8141
5.27 64.8146
5.28 64.8152
5.29 64.816
5.3 64.817
5.31 64.8182
5.32 64.8199
5.33 64.8221
5.34 64.825
5.35 64.8291
5.36 64.8346
5.37 64.8425
5.38 64.8537
5.39 64.8697
5.4 64.8931
5.41 64.9275
5.42 64.9783
5.43 65.0541
5.44 65.1669
5.45 65.3336
5.46 65.5736
5.47 65.8997
5.48 66.2978
5.49 66.7137
5.5 67.0803
5.51 67.3618
5.52 67.56
5.53 67.6935
5.54 67.7817
5.55 67.8395
5.56 67.8774
5.57 67.9022
5.58 67.9187
5.59 67.9296
5.6 67.937
5.61 67.9419
5.62 67.9454
5.63 67.9477
5.64 67.9494
5.65 67.9506
5.66 67.9515
5.67 67.9522
5.68 67.9528
5.69 67.9532
5.7 67.9536
5.71 67.9539
5.72 67.9542
5.73 67.9545
5.74 67.9549
5.75 67.9553
5.76 67.9557
5.77 67.9562
5.78 67.9568
5.79 67.9576
5.8 67.9586
5.81 67.9598
5.82 67.9615
5.83 67.9637
5.84 67.9666
5.85 67.9706
5.86 67.9762
5.87 67.9841
5.88 67.9953
5.89 68.0113
5.9 68.0347
5.91 68.069
5.92 68.1199
5.93 68.1957
5.94 68.3085
5.95 68.4752
5.96 68.7152
5.97 69.0413
5.98 69.4394
5.99 69.8553
6 70.2219
6.01 70.5034
6.02 70.7016
6.03 70.8351
6.04 70.9233
6.05 70.9811
6.06 71.019
6.07 71.0438
6.08 71.0603
6.09 71.0712
6.1 71.0785
6.11 71.0835
6.12 71.087
6.13 71.0893
6.14 71.091
6.15 71.0922
6.16 71.0931
6.17 71.0938
6.18 71.0943
6.19 71.0948
6.2 71.0952
6.21 71.0955
6.22 71.0958
6.23 71.0961
6.24 71.0965
6.25 71.0969
6.26 71.0973
6.27 71.0978
6.28 71.0984
6.29 71.0992
6.3 71.1002
6.31 71.1014
6.32 71.1031
6.33 71.1053
6.34 71.1082
6.35 71.1122
6.36 71.1178
6.37 71.1257
6.38 71.1368
6.39 71.1529
6.4 71.1763
6.41 71.2106
6.42 71.2615
6.43 71.3373
6.44 71.4501
6.45 71.6168
6.46 71.8568
6.47 72.1829
6.48 72.581
6.49 72.9969
6.5 73.3635
6.51 73.645
6.52 73.8432
6.53 73.9767
6.54 74.0649
6.55 74.1227
6.56 74.1606
6.57 74.1854
6.58 74.2019
6.59 74.2128
6.6 74.2201
6.61 74.2251
6.62 74.2285
6.63 74.2309
6.64 74.2326
6.65 74.2338
6.66 74.2347
6.67 74.2354
6.68 74.2359
6.69 74.2364
6.7 74.2368
6.71 74.2371
6.72 74.2374
6.73 74.2377
6.74 74.2381
6.75 74.2384
6.76 74.2389
6.77 74.2394
6.78 74.24
6.79 74.2408
6.8 74.2418
6.81 74.243
6.82 74.2447
6.83 74.2469
6.84 74.2498
6.85 74.2538
6.86 74.2594
6.87 74.2673
6.88 74.2784
6.89 74.2945
6.9 74.3179
6.91 74.3522
6.92 74.4031
6.93 74.4788
6.94 74.5917
6.95 74.7584
6.96 74.9984
6.97 75.3245
6.98 75.7225
6.99 76.1385
7 76.5051
7.01 76.7866
7.02 76.9848
7.03 77.1183
7.04 77.2065
7.05 77.2643
7.06 77.3021
7.07 77.327
7.08 77.3435
7.09 77.3544
7.1 77.3617
7.11 77.3667
7.12 77.3701
7.13 77.3725
7.14 77.3742
7.15 77.3754
7.16 77.3763
7.17 77.377
7.18 77.3775
7.19 77.378
7.2 77.3783
7.21 77.3787
7.22 77.379
7.23 77.3793
7.24 77.3797
7.25 77.38
7.26 77.3805
7.27 77.381
7.28 77.3816
7.29 77.3824
7.3 77.3834
7.31 77.3846
7.32 77.3863
7.33 77.3884
7.34 77.3914
7.35 77.3954
7.36 77.401
7.37 77.4089
7.38 77.42
7.39 77.4361
7.4 77.4595
7.41 77.4938
7.42 77.5447
7.43 77.6204
7.44 77.7333
7.45 77.9
7.46 78.14
7.47 78.4661
7.48 78.8641
7.49 79.2801
7.5 79.6467
7.51 79.9282
7.52 80.1264
7.53 80.2599
7.54 80.3481
7.55 80.4059
7.56 80.4437
7.57 80.4686
7.58 80.485
7.59 80.496
7.6 80.5033
7.61 80.5083
7.62 80.5117
7.63 80.5141
7.64 80.5158
7.65 80.517
7.66 80.5179
7.67 80.5186
7.68 80.5191
7.69 80.5196
7.7 80.5199
7.71 80.5203
7.72 80.5206
7.73 80.5209
7.74 80.5213
7.75 80.5216
7.76 80.5221
7.77 80.5226
7.78 80.5232
7.79 80.524
7.8 80.5249
7.81 80.5262
7.82 80.5279
7.83 80.53
7.84 80.533
7.85 80.537
7.86 80.5426
7.87 80.5505
7.88 80.5616
7.89 80.5777
7.9 80.6011
7.91 80.6354
7.92 80.6863
7.93 80.762
7.94 80.8749
7.95 81.0416
7.96 81.2816
7.97 81.6077
7.98 82.0057
7.99 82.4217
8 82.7883
8.01 83.0697
8.02 83.268
8.03 83.4015
8.04 83.4897
8.05 83.5475
8.06 83.5853
8.07 83.6102
8.08 83.6266
8.09 83.6376
8.1 83.6449
8.11 83.6499
8.12 83.6533
8.13 83.6557
8.14 83.6574
8.15 83.6586
8.16 83.6595
8.17 83.6602
8.18 83.6607
8.19 83.6612
8.2 83.6615
8.21 83.6619
8.22 83.6622
8.23 83.6625
8.24 83.6628
8.25 83.6632
8.26 83.6637
8.27 83.6642
8.28 83.6648
8.29 83.6656
8.3 83.6665
8.31 83.6678
8.32 83.6694
8.33 83.6716
8.34 83.6746
8.35 83.6786
8.36 83.6842
8.37 83.6921
8.38 83.7032
8.39 83.7193
8.4 83.7427
8.41 83.777
8.42 83.8279
8.43 83.9036
8.44 84.0165
8.45 84.1832
8.46 84.4232
8.47 84.7492
8.48 85.1473
8.49 85.5633
8.5 85.9299
8.51 86.2113
8.52 86.4096
8.53 86.5431
8.54 86.6313
8.55 86.6891
8.56 86.7269
8.57 86.7518
8.58 86.7682
8.59 86.7792
8.6 86.7865
8.61 86.7915
8.62 86.7949
8.63 86.7973
8.64 86.799
8.65 86.8002
8.66 86.8011
8.67 86.8018
8.68 86.8023
8.69 86.8027
8.7 86.8031
8.71 86.8035
8.72 86.8038
8.73 86.8041
8.74 86.8044
8.75 86.8048
8.76 86.8053
8.77 86.8058
8.78 86.8064
8.79 86.8072
8.8 86.8081
8.81 86.8094
8.82 86.811
8.83 86.8132
8.84 86.8162
8.85 86.8202
8.86 86.8258
8.87 86.8336
8.88 86.8448
8.89 86.8609
8.9 86.8843
8.91 86.9186
8.92 86.9695
8.93 87.0452
8.94 87.1581
8.95 87.3248
8.96 87.5648
8.97 87.8908
8.98 88.2889
8.99 88.7049
9 89.0715
9.01 89.3529
9.02 89.5512
9.03 89.6847
9.04 89.7729
9.05 89.8307
9.06 89.8685
9.07 89.8934
9.08 89.9098
9.09 89.9208
9.1 89.9281
9.11 89.9331
9.12 89.9365
9.13 89.9389
9.14 89.9406
9.15 89.9418
9.16 89.9427
9.17 89.9434
9.18 89.9439
9.19 89.9443
9.2 89.9447
9.21 89.9451
9.22 89.9454
9.23 89.9457
9.24 89.946
9.25 89.9464
9.26 89.9468
9.27 89.9474
9.28 89.948
9.29 89.9487
9.3 89.9497
9.31 89.951
9.32 89.9526
9.33 89.9548
9.34 89.9578
9.35 89.9618
9.36 89.9674
9.37 89.9752
9.38 89.9864
9.39 90.0025
9.4 90.0258
9.41 90.0602
9.42 90.1111
9.43 90.1868
9.44 90.2996
9.45 90.4664
9.46 90.7064
9.47 91.0324
9.48 91.4305
9.49 91.8465
9.5 92.2131
9.51 92.4945
9.52 92.6928
9.53 92.8263
9.54 92.9145
9.55 92.9722
9.56 93.0101
9.57 93.035
9.58 93.0514
9.59 93.0624
9.6 93.0697
9.61 93.0747
9.62 93.0781
9.63 93.0805
9.64 93.0822
9.65 93.0834
9.66 93.0843
9.67 93.085
9.68 93.0855
9.69 93.0859
9.7 93.0863
9.71 93.0866
9.72 93.087
9.73 93.0873
9.74 93.0876
9.75 93.088
9.76 93.0884
9.77 93.0889
9.78 93.0896
9.79 93.0903
9.8 93.0913
9.81 93.0926
9.82 93.0942
9.83 93.0964
9.84 93.0994
9.85 93.1034
9.86 93.109
9.87 93.1168
9.88 93.128
9.89 93.1441
9.9 93.1674
9.91 93.2018
9.92 93.2527
9.93 93.3284
9.94 93.4412
9.95 93.608
9.96 93.848
9.97 94.174
9.98 94.5721
9.99 94.9881
10 95.3547
