OUT_TIME 0.01
# ext_x ext_y center_x center_y angle theta1 theta2 moment3_norm moment3_angle ext_potential
-0.5 0.866025 0 0 0 33.2229 33.4562 -5 8.66025 -432.704 
-0.499013 0.864317 -3.8036e-07 0.000382226 0.00197239 33.2733 33.4779 -4.99013 8.64317 -433.606 
-0.496057 0.859197 -1.11492e-06 0.000658792 0.00332907 33.3085 33.4923 -4.96057 8.59197 -431.893 
-0.491144 0.850686 -1.86853e-06 0.000857209 0.00426096 33.333 33.5018 -4.91144 8.50686 -428.03 
-0.484292 0.838818 -2.51765e-06 0.000998835 0.00490203 33.35 33.5082 -4.84292 8.38818 -422.257 
-0.475528 0.823639 -3.03444e-06 0.00109968 0.0053451 33.3619 33.5125 -4.75528 8.23639 -414.708 
-0.464888 0.80521 -3.42941e-06 0.00117149 0.00565393 33.3702 33.5155 -4.64888 8.0521 -405.467 
-0.452414 0.783603 -3.72485e-06 0.00122276 0.00587211 33.3761 33.5176 -4.52414 7.83604 -394.594 
-0.438153 0.758904 -3.94374e-06 0.00125954 0.00602937 33.3804 33.519 -4.38154 7.58904 -382.148 
-0.422164 0.73121 -4.10576e-06 0.00128616 0.00614601 33.3835 33.5202 -4.22164 7.3121 -368.183 
-0.404509 0.70063 -4.22642e-06 0.00130565 0.00623592 33.3859 33.5211 -4.04509 7.0063 -352.757 
-0.385257 0.667284 -4.31746e-06 0.00132016 0.00630871 33.3877 33.5219 -3.85257 6.67285 -335.934 
-0.364485 0.631306 -4.38753e-06 0.00133122 0.00637111 33.3893 33.5226 -3.64485 6.31306 -317.781 
-0.342274 0.592836 -4.44295e-06 0.00133988 0.00642795 33.3907 33.5233 -3.42274 5.92836 -298.37 
-0.318712 0.552026 -4.48833e-06 0.00134691 0.0064828 33.3919 33.524 -3.18712 5.52026 -277.778 
-0.293893 0.509037 -4.52702e-06 0.00135285 0.00653849 33.3932 33.5248 -2.93893 5.09038 -256.087 
-0.267914 0.46404 -4.56153e-06 0.00135811 0.00659738 33.3944 33.5257 -2.67914 4.64041 -233.382 
-0.240877 0.417211 -4.5937e-06 0.00136296 0.00666164 33.3958 33.5267 -2.40877 4.17212 -209.753 
-0.21289 0.368736 -4.625e-06 0.00136764 0.00673343 33.3973 33.5278 -2.1289 3.68737 -185.294 
-0.184063 0.318806 -4.65657e-06 0.0013723 0.00681508 33.3989 33.5292 -1.84063 3.18806 -160.102 
-0.154509 0.267617 -4.68937e-06 0.00137708 0.00690926 33.4008 33.5307 -1.54509 2.67618 -134.276 
-0.124345 0.215372 -4.72418e-06 0.00138208 0.00701916 33.403 33.5325 -1.24346 2.15373 -107.918 
-0.093691 0.162278 -4.76169e-06 0.00138737 0.00714872 33.4056 33.5347 -0.936913 1.62278 -81.1344 
-0.0626669 0.108542 -4.8024e-06 0.00139301 0.00730293 33.4086 33.5373 -0.626672 1.08543 -54.0309 
-0.0313956 0.0543787 -4.84661e-06 0.00139899 0.0074882 33.4122 33.5405 -0.313959 0.543793 -26.7164 
-3.14159e-07 5.4414e-07 -4.89423e-06 0.00140525 0.0077129 33.4166 33.5443 -6.28319e-06 1.08828e-05 0.698701 
0.0313949 -0.0543776 -4.94443e-06 0.00141165 0.00798804 33.4219 33.5491 0.313946 -0.543771 28.1021 
0.0626663 -0.108541 -4.99508e-06 0.00141787 0.00832837 33.4283 33.5551 0.62666 -1.08541 55.3791 
0.0936903 -0.162276 -5.04157e-06 0.00142332 0.00875372 33.4363 33.5627 0.9369 -1.62276 82.411 
0.124345 -0.215371 -5.07474e-06 0.00142701 0.00929116 33.4462 33.5723 1.24344 -2.15371 109.073 
0.154508 -0.267616 -5.07679e-06 0.00142725 0.00997788 33.4588 33.5849 1.54508 -2.67616 135.227 
0.184062 -0.318805 -5.01356e-06 0.00142123 0.0108655 33.4748 33.6013 1.84062 -3.18804 160.715 
0.212889 -0.368735 -4.81918e-06 0.00140433 0.0120264 33.4954 33.6232 2.12889 -3.68735 185.334 
0.240877 -0.41721 -4.36543e-06 0.001369 0.0135625 33.5221 33.6526 2.40876 -4.1721 208.799 
0.267913 -0.464039 -3.39965e-06 0.00130304 0.0156185 33.5572 33.6926 2.67913 -4.64039 230.667 
0.293892 -0.509037 -1.41785e-06 0.00118691 0.0183996 33.6036 33.7478 2.93892 -5.09036 250.178 
0.318712 -0.552025 2.59133e-06 0.000990023 0.0221957 33.6656 33.8245 3.18712 -5.52025 265.959 
0.342273 -0.592835 1.06404e-05 0.000666469 0.0274077 33.7486 33.9319 3.42273 -5.92834 275.464 
0.364484 -0.631305 2.65774e-05 0.000153534 0.0345637 33.8601 34.0819 3.64484 -6.31305 274.038 
0.385256 -0.667284 5.69933e-05 -0.000616408 0.0442841 34.0088 34.2884 3.85256 -6.67283 253.822 
0.404508 -0.700629 0.000110321 -0.0016676 0.0571092 34.2035 34.5622 4.04508 -7.00629 204.025 
0.422164 -0.731209 0.000189128 -0.00288027 0.0731 34.4501 34.8999 4.22164 -7.31209 116.304 
0.438153 -0.758904 0.000273926 -0.00391804 0.0913601 34.7446 35.2726 4.38153 -7.58903 -3.88602 
0.452413 -0.783603 0.000320061 -0.00438535 0.110048 35.0683 35.6316 4.52413 -7.83603 -133.241 
0.464888 -0.80521 0.000292434 -0.0041615 0.127168 35.3896 35.9359 4.64888 -8.0521 -245.429 
0.475528 -0.823639 0.000198482 -0.00347022 0.141422 35.6762 36.1701 4.75528 -8.23639 -327.233 
0.484292 -0.838817 7.35243e-05 -0.00262761 0.152455 35.9097 36.3397 4.84291 -8.38817 -379.748 
0.491144 -0.850686 -5.04772e-05 -0.00184243 0.160569 36.0878 36.4581 4.91144 -8.50686 -410.741 
0.496057 -0.859196 -0.000156948 -0.00119709 0.166341 36.2177 36.539 4.96057 -8.59196 -428.047 
0.499013 -0.864316 -0.000241379 -0.000700406 0.17036 36.3101 36.5935 4.99013 -8.64316 -437.114 
0.5 -0.866025 -0.000305306 -0.000331884 0.173123 36.3746 36.6299 5 -8.66025 -441.115 
0.499013 -0.864317 -0.00035236 -6.43107e-05 0.175008 36.4192 36.6542 4.99013 -8.64317 -441.733 
0.496057 -0.859197 -0.00038638 0.000127375 0.176287 36.4499 36.6702 4.96057 -8.59197 -439.814 
0.491144 -0.850686 -0.000410699 0.000263546 0.177155 36.4709 36.6809 4.91144 -8.50686 -435.779 
0.484292 -0.838818 -0.000427961 0.000359804 0.177743 36.4854 36.688 4.84292 -8.38818 -429.84 
0.475528 -0.823639 -0.000440174 0.000427709 0.178144 36.4953 36.6927 4.75528 -8.23639 -422.115 
0.464888 -0.80521 -0.000448811 0.000475643 0.17842 36.5021 36.6959 4.64888 -8.0521 -412.677 
0.452414 -0.783603 -0.000454938 0.000509597 0.178611 36.5069 36.6981 4.52414 -7.83604 -401.584 
0.438153 -0.758904 -0.000459311 0.000533812 0.178747 36.5103 36.6997 4.38154 -7.58904 -388.89 
0.422164 -0.73121 -0.000462466 0.000551269 0.178845 36.5128 36.7008 4.22164 -7.3121 -374.651 
0.404509 -0.70063 -0.000464778 0.000564054 0.178919 36.5146 36.7016 4.04509 -7.0063 -358.925 
0.385257 -0.667284 -0.000466509 0.000573627 0.178977 36.5161 36.7023 3.85257 -6.67285 -341.775 
0.364485 -0.631306 -0.000467845 0.000581009 0.179026 36.5172 36.703 3.64485 -6.31306 -323.269 
0.342274 -0.592836 -0.000468915 0.000586921 0.179069 36.5183 36.7035 3.42274 -5.92836 -303.481 
0.318712 -0.552026 -0.000469812 0.000591873 0.17911 36.5192 36.7041 3.18712 -5.52026 -282.49 
0.293893 -0.509037 -0.000470601 0.000596235 0.179151 36.5201 36.7047 2.93893 -5.09038 -260.378 
0.267914 -0.46404 -0.000471334 0.00060028 0.179194 36.521 36.7053 2.67914 -4.64041 -237.232 
0.240877 -0.417211 -0.000472047 0.000604218 0.179241 36.522 36.706 2.40877 -4.17212 -213.145 
0.21289 -0.368736 -0.000472772 0.000608217 0.179292 36.5231 36.7068 2.1289 -3.68737 -188.211 
0.184063 -0.318806 -0.000473534 0.000612421 0.179351 36.5244 36.7077 1.84063 -3.18806 -162.529 
0.154509 -0.267617 -0.000474357 0.000616961 0.179418 36.5258 36.7087 1.54509 -2.67618 -136.2 
0.124345 -0.215372 -0.000475265 0.000621963 0.179497 36.5274 36.71 1.24346 -2.15373 -109.329 
0.093691 -0.162278 -0.00047628 0.000627559 0.17959 36.5293 36.7115 0.936913 -1.62278 -82.0218 
0.0626669 -0.108542 -0.000477429 0.000633885 0.179701 36.5316 36.7133 0.626672 -1.08543 -54.3871 
0.0313956 -0.0543787 -0.000478739 0.000641093 0.179834 36.5343 36.7154 0.313959 -0.543793 -26.5347 
3.14159e-07 -5.4414e-07 -0.00048024 0.000649344 0.179996 36.5376 36.7181 6.28319e-06 -1.08828e-05 1.42403 
-0.0313949 0.0543776 -0.000481964 0.000658814 0.180195 36.5416 36.7213 -0.313946 0.543771 29.3766 
-0.0626663 0.108541 -0.000483945 0.000669679 0.180442 36.5465 36.7254 -0.62666 1.08541 57.2092 
-0.0936903 0.162276 -0.000486212 0.000682098 0.180751 36.5526 36.7306 -0.9369 1.62276 84.806 
-0.124345 0.215371 -0.000488788 0.000696178 0.181143 36.5603 36.7372 -1.24344 2.15371 112.048 
-0.154508 0.267616 -0.000491671 0.000711895 0.181646 36.5701 36.7458 -1.54508 2.67616 138.811 
-0.184062 0.318805 -0.000494813 0.000728975 0.182299 36.5827 36.7571 -1.84062 3.18804 164.957 
-0.212889 0.368735 -0.00049808 0.000746657 0.183156 36.599 36.7721 -2.12889 3.68735 190.329 
-0.240877 0.41721 -0.000501173 0.000763306 0.184296 36.6205 36.7923 -2.40876 4.1721 214.72 
-0.267913 0.464039 -0.0005035 0.00077574 0.185829 36.649 36.8198 -2.67913 4.64039 237.836 
-0.293892 0.509037 -0.000503944 0.000778106 0.187918 36.6872 36.8579 -2.93892 5.09036 259.204 
-0.318712 0.552025 -0.000500482 0.00076007 0.190791 36.739 36.911 -3.18712 5.52025 277.984 
-0.342273 0.592835 -0.00048954 0.00070407 0.194779 36.8097 36.986 -3.42273 5.92834 292.612 
-0.364484 0.631305 -0.000465049 0.000581827 0.200343 36.9067 37.0924 -3.64484 6.31305 300.099 
-0.385256 0.667284 -0.000417422 0.00035205 0.208096 37.0395 37.2428 -3.85256 6.67283 294.864 
-0.404508 0.700629 -0.000333879 -3.31779e-05 0.21875 37.2193 37.4522 -4.04508 7.00629 267.371 
-0.422164 0.731209 -0.000204527 -0.000596095 0.232888 37.4559 37.7322 -4.22164 7.31209 204.709 
-0.438153 0.758904 -4.02101e-05 -0.00126332 0.250443 37.7508 38.0787 -4.38153 7.58903 98.2382 
-0.452413 0.783603 0.000108566 -0.00182371 0.270112 38.0884 38.4598 -4.52413 7.83603 -41.3104 
-0.464888 0.80521 0.000174554 -0.0020556 0.289539 38.4343 38.8237 -4.64888 8.0521 -181.362 
-0.475528 0.823639 0.000135862 -0.00193126 0.306505 38.7491 39.1288 -4.75528 8.23639 -291.69 
-0.484292 0.838817 2.83932e-05 -0.00160025 0.319938 39.0076 39.3611 -4.84291 8.38817 -363.999 
-0.491144 0.850686 -9.92272e-05 -0.00122169 0.329881 39.2042 39.5278 -4.91144 8.50686 -406.073 
-0.496057 0.859196 -0.000216612 -0.000882878 0.336939 39.3466 39.6433 -4.96057 8.59196 -428.862 
-0.499013 0.864316 -0.00031242 -0.000611543 0.341823 39.4466 39.7217 -4.99013 8.64316 -440.446 
-0.5 0.866025 -0.000385823 -0.000406332 0.345153 39.5156 39.7743 -5 8.66025 -445.541 
-0.499013 0.864317 -0.000440072 -0.000255985 0.347402 39.5627 39.8094 -4.99013 8.64317 -446.603 
-0.496057 0.859197 -0.00047931 -0.000147877 0.348915 39.5947 39.8327 -4.96057 8.59197 -444.835 
-0.491144 0.850686 -0.000507318 -7.10133e-05 0.349929 39.6163 39.8482 -4.91144 8.50686 -440.816 
-0.484292 0.838818 -0.000527155 -1.67142e-05 0.350609 39.6309 39.8585 -4.84292 8.38818 -434.827 
-0.475528 0.823639 -0.000541157 2.15433e-05 0.351067 39.6408 39.8653 -4.75528 8.23639 -427.012 
-0.464888 0.80521 -0.000551042 4.85215e-05 0.351376 39.6475 39.8699 -4.64888 8.0521 -417.456 
-0.452414 0.783603 -0.000558051 6.76334e-05 0.351587 39.6521 39.8729 -4.52414 7.83604 -406.224 
-0.438153 0.758904 -0.000563063 8.12959e-05 0.351732 39.6553 39.8751 -4.38154 7.58904 -393.37 
-0.422164 0.73121 -0.000566701 9.12064e-05 0.351833 39.6575 39.8765 -4.22164 7.3121 -378.951 
-0.404509 0.70063 -0.000569398 9.85525e-05 0.351906 39.6592 39.8776 -4.04509 7.0063 -363.027 
-0.385257 0.667284 -0.000571459 0.000104164 0.35196 39.6604 39.8783 -3.85257 6.67285 -345.661 
-0.364485 0.631306 -0.000573097 0.000108625 0.352002 39.6613 39.8789 -3.64485 6.31306 -326.923 
-0.342274 0.592836 -0.000574464 0.000112346 0.352036 39.6621 39.8794 -3.42274 5.92836 -306.886 
-0.318712 0.552026 -0.000575669 0.000115626 0.352065 39.6628 39.8798 -3.18712 5.52026 -285.631 
-0.293893 0.509037 -0.000576792 0.000118684 0.352092 39.6634 39.8801 -2.93893 5.09038 -263.242 
-0.267914 0.46404 -0.000577897 0.00012169 0.352119 39.664 39.8805 -2.67914 4.64041 -239.805 
-0.240877 0.417211 -0.000579034 0.000124784 0.352146 39.6646 39.8809 -2.40877 4.17212 -215.415 
-0.21289 0.368736 -0.000580248 0.000128089 0.352175 39.6653 39.8813 -2.1289 3.68737 -190.168 
-0.184063 0.318806 -0.000581584 0.000131723 0.352206 39.666 39.8817 -1.84063 3.18806 -164.162 
-0.154509 0.267617 -0.000583085 0.000135808 0.352242 39.6668 39.8822 -1.54509 2.67618 -137.502 
-0.124345 0.215372 -0.000584803 0.000140482 0.352284 39.6678 39.8828 -1.24346 2.15373 -110.291 
-0.093691 0.162278 -0.000586796 0.000145903 0.352333 39.6689 39.8834 -0.936913 1.62278 -82.6384 
-0.0626669 0.108542 -0.000589136 0.000152267 0.35239 39.6702 39.8842 -0.626672 1.08543 -54.6525 
-0.0313956 0.0543787 -0.000591912 0.000159814 0.35246 39.6717 39.8852 -0.313959 0.543793 -26.4443 
-3.14159e-07 5.4414e-07 -0.000595237 0.000168854 0.352544 39.6736 39.8864 -6.28319e-06 1.08828e-05 1.87454 
0.0313949 -0.0543776 -0.000599258 0.00017978 0.352647 39.676 39.8878 0.313946 -0.543771 30.1917 
0.0626663 -0.108541 -0.000604165 0.000193111 0.352776 39.6788 39.8897 0.62666 -1.08541 58.3943 
0.0936903 -0.162276 -0.00061021 0.000209525 0.352937 39.6824 39.8919 0.9369 -1.62276 86.3695 
0.124345 -0.215371 -0.000617726 0.000229923 0.353141 39.687 39.8949 1.24344 -2.15371 114.004 
0.154508 -0.267616 -0.000627161 0.00025551 0.353404 39.6928 39.8986 1.54508 -2.67616 141.184 
0.184062 -0.318805 -0.000639119 0.000287908 0.353746 39.7004 39.9036 1.84062 -3.18804 167.792 
0.212889 -0.368735 -0.000654418 0.00032931 0.354197 39.7102 39.9102 2.12889 -3.68735 193.709 
0.240877 -0.41721 -0.000674181 0.000382702 0.354797 39.7234 39.919 2.40876 -4.1721 218.8 
0.267913 -0.464039 -0.000699943 0.000452156 0.355609 39.741 39.931 2.67913 -4.64039 242.91 
0.293892 -0.509037 -0.000733823 0.000543226 0.356718 39.7649 39.9477 2.93892 -5.09036 265.83 
0.318712 -0.552025 -0.000778736 0.000663464 0.358253 39.7977 39.9709 3.18712 -5.52025 287.243 
0.342273 -0.592835 -0.000838664 0.000823009 0.360402 39.8434 40.0037 3.42273 -5.92834 306.609 
0.364484 -0.631305 -0.000918939 0.00103505 0.36344 39.9074 40.0507 3.64484 -6.31305 322.913 
0.385256 -0.667284 -0.0010263 0.00131554 0.367765 39.9977 40.1185 3.85256 -6.67283 334.167 
0.404508 -0.700629 -0.00116806 0.00168016 0.37394 40.1252 40.2166 4.04508 -7.00629 336.433 
0.422164 -0.731209 -0.00134832 0.00213382 0.382705 40.3036 40.3584 4.22164 -7.31209 322.245 
0.438153 -0.758904 -0.00155719 0.00264411 0.394874 40.5466 40.56 4.38153 -7.58903 279.184 
0.452413 -0.783603 -0.00175021 0.00309791 0.410962 40.8591 40.8354 4.52413 -7.83603 192.427 
0.464888 -0.80521 -0.00183678 0.00329309 0.430469 41.2234 41.1838 4.64888 -8.0521 57.8168 
0.475528 -0.823639 -0.00173232 0.00307367 0.451363 41.596 41.5746 4.75528 -8.23639 -101.058 
0.484292 -0.838817 -0.00145679 0.0025203 0.470812 41.9281 41.9531 4.84291 -8.38817 -242.291 
0.491144 -0.850686 -0.00112398 0.00187959 0.486787 42.1928 42.272 4.91144 -8.50686 -340.315 
0.496057 -0.859196 -0.000830718 0.00133354 0.498777 42.3886 42.5143 4.96057 -8.59196 -397.229 
0.499013 -0.864316 -0.000610573 0.000933462 0.507292 42.527 42.687 4.99013 -8.64316 -426.615 
0.5 -0.866025 -0.000458037 0.000660901 0.513156 42.6224 42.8059 5 -8.66025 -440.256 
0.499013 -0.864317 -0.000356344 0.000481269 0.517127 42.6872 42.8862 4.99013 -8.64317 -445.238 
0.496057 -0.859197 -0.000289752 0.000364544 0.519793 42.7309 42.9399 4.96057 -8.59197 -445.221 
0.491144 -0.850686 -0.000246486 0.000289098 0.521575 42.7602 42.9757 4.91144 -8.50686 -441.964 
0.484292 -0.838818 -0.000218462 0.000240399 0.522765 42.7798 42.9996 4.84292 -8.38818 -436.291 
0.475528 -0.823639 -0.000200329 0.000208959 0.523561 42.793 43.0155 4.75528 -8.23639 -428.592 
0.464888 -0.80521 -0.000188604 0.000188662 0.524093 42.8018 43.0261 4.64888 -8.0521 -419.061 
0.452414 -0.783603 -0.000181041 0.000175582 0.524452 42.8078 43.0332 4.52414 -7.83604 -407.808 
0.438153 -0.758904 -0.000176194 0.000167206 0.524694 42.8119 43.038 4.38154 -7.58904 -394.912 
0.422164 -0.73121 -0.000173138 0.000161927 0.524859 42.8147 43.0412 4.22164 -7.3121 -380.436 
0.404509 -0.70063 -0.000171279 0.000158717 0.524972 42.8166 43.0434 4.04509 -7.0063 -364.446 
0.385257 -0.667284 -0.000170237 0.000156919 0.52505 42.8179 43.0449 3.85257 -6.67285 -347.006 
0.364485 -0.631306 -0.000169772 0.000156115 0.525104 42.8189 43.046 3.64485 -6.31306 -328.188 
0.342274 -0.592836 -0.00016973 0.000156043 0.525143 42.8196 43.0467 3.42274 -5.92836 -308.066 
0.318712 -0.552026 -0.000170019 0.000156542 0.52517 42.8201 43.0472 3.18712 -5.52026 -286.721 
0.293893 -0.509037 -0.000170587 0.000157521 0.525189 42.8205 43.0475 2.93893 -5.09038 -264.235 
0.267914 -0.46404 -0.000171407 0.000158937 0.525204 42.8208 43.0477 2.67914 -4.64041 -240.698 
0.240877 -0.417211 -0.000172475 0.000160779 0.525214 42.8211 43.0478 2.40877 -4.17212 -216.204 
0.21289 -0.368736 -0.000173802 0.00016307 0.525221 42.8213 43.0478 2.1289 -3.68737 -190.848 
0.184063 -0.318806 -0.000175416 0.000165855 0.525227 42.8216 43.0478 1.84063 -3.18806 -164.731 
0.154509 -0.267617 -0.00017736 0.000169208 0.52523 42.8218 43.0477 1.54509 -2.67618 -137.956 
0.124345 -0.215372 -0.000179693 0.000173234 0.525233 42.822 43.0476 1.24346 -2.15373 -110.629 
0.093691 -0.162278 -0.000182496 0.000178072 0.525235 42.8222 43.0474 0.936913 -1.62278 -82.8566 
0.0626669 -0.108542 -0.000185878 0.000183908 0.525235 42.8225 43.0472 0.626672 -1.08543 -54.7497 
0.0313956 -0.0543787 -0.000189983 0.00019099 0.525235 42.8228 43.0469 0.313959 -0.543793 -26.4187 
3.14159e-07 -5.4414e-07 -0.000195 0.000199647 0.525234 42.8232 43.0465 6.28319e-06 -1.08828e-05 2.02452 
-0.0313949 0.0543776 -0.000201185 0.000210319 0.525233 42.8236 43.046 -0.313946 0.543771 30.4676 
-0.0626663 0.108541 -0.000208881 0.0002236 0.52523 42.8241 43.0454 -0.62666 1.08541 58.7982 
-0.0936903 0.162276 -0.000218558 0.000240297 0.525227 42.8248 43.0446 -0.9369 1.62276 86.9045 
-0.124345 0.215371 -0.000230858 0.000261522 0.525222 42.8256 43.0436 -1.24344 2.15371 114.675 
-0.154508 0.267616 -0.000246676 0.000288817 0.525216 42.8267 43.0422 -1.54508 2.67616 142.001 
-0.184062 0.318805 -0.000267264 0.000324345 0.525207 42.8281 43.0405 -1.84062 3.18804 168.772 
-0.212889 0.368735 -0.0002944 0.000371172 0.525195 42.8299 43.0383 -2.12889 3.68735 194.884 
-0.240877 0.41721 -0.000330626 0.000433688 0.525179 42.8323 43.0353 -2.40876 4.1721 220.23 
-0.267913 0.464039 -0.000379618 0.000518238 0.525157 42.8356 43.0312 -2.67913 4.64039 244.707 
-0.293892 0.509037 -0.000446742 0.000634087 0.525127 42.84 43.0257 -2.93892 5.09036 268.211 
-0.318712 0.552025 -0.0005399 0.000794881 0.525085 42.8463 43.0179 -3.18712 5.52025 290.637 
-0.342273 0.592835 -0.000670829 0.0010209 0.525026 42.855 43.007 -3.42273 5.92834 311.866 
-0.364484 0.631305 -0.00085709 0.00134248 0.524942 42.8674 42.9915 -3.64484 6.31305 331.755 
-0.385256 0.667284 -0.00112512 0.00180536 0.52482 42.8853 42.9692 -3.85256 6.67283 350.098 
-0.404508 0.700629 -0.00151491 0.00247872 0.524644 42.9112 42.9368 -4.04508 7.00629 366.542 
-0.422164 0.731209 -0.00208695 0.00346743 0.524386 42.9494 42.8892 -4.22164 7.31209 380.408 
-0.438153 0.758904 -0.00293234 0.00492967 0.524008 43.0059 42.8189 -4.38153 7.58903 390.279 
-0.452413 0.783603 -0.00418586 0.00710017 0.523455 43.0899 42.7147 -4.52413 7.83603 393.116 
-0.464888 0.80521 -0.00603807 0.0103123 0.522666 43.2146 42.5611 -4.64888 8.0521 382.524 
-0.475528 0.823639 -0.00872995 0.0149907 0.521605 43.3979 42.3391 -4.75528 8.23639 346.163 
-0.484292 0.838817 -0.0124847 0.021534 0.520366 43.6584 42.0333 -4.84291 8.38817 265.134 
-0.491144 0.850686 -0.0173136 0.029972 0.519329 44.0044 41.6494 -4.91144 8.50686 125.159 
-0.496057 0.859196 -0.0227647 0.0395121 0.519067 44.4121 41.2322 -4.96057 8.59196 -55.822 
-0.499013 0.864316 -0.0279917 0.0486552 0.519767 44.8202 40.8497 -4.99013 8.64316 -223.604 
-0.5 0.866025 -0.0322858 0.0561493 0.52098 45.1666 40.5476 -5 8.66025 -337.333 
-0.499013 0.864317 -0.0354394 0.0616373 0.522176 45.426 40.3319 -4.99013 8.64317 -397.864 
-0.496057 0.859197 -0.0376089 0.0654033 0.523121 45.6064 40.186 -4.96057 8.59197 -424.445 
-0.491144 0.850686 -0.0390535 0.0679062 0.523799 45.7273 40.0899 -4.91144 8.50686 -433.03 
-0.484292 0.838818 -0.0400017 0.0695469 0.524266 45.8069 40.0273 -4.84292 8.38818 -432.466 
-0.475528 0.823639 -0.0406212 0.0706178 0.524582 45.8592 39.9866 -4.75528 8.23639 -426.946 
-0.464888 0.80521 -0.041026 0.0713172 0.524795 45.8934 39.9602 -4.64888 8.0521 -418.345 
-0.452414 0.783603 -0.0412914 0.0717757 0.524938 45.9159 39.9429 -4.52414 7.83604 -407.493 
-0.438153 0.758904 -0.0414665 0.072078 0.525035 45.9308 39.9316 -4.38154 7.58904 -394.77 
-0.422164 0.73121 -0.0415828 0.0722788 0.525101 45.9407 39.9241 -4.22164 7.3121 -380.371 
-0.404509 0.70063 -0.0416608 0.0724134 0.525146 45.9473 39.9191 -4.04509 7.0063 -364.415 
-0.385257 0.667284 -0.0417137 0.0725046 0.525177 45.9519 39.9157 -3.85257 6.67285 -346.991 
-0.364485 0.631306 -0.04175 0.0725673 0.525199 45.955 39.9133 -3.64485 6.31306 -328.181 
-0.342274 0.592836 -0.0417753 0.0726109 0.525214 45.9572 39.9117 -3.42274 5.92836 -308.063 
-0.318712 0.552026 -0.0417933 0.0726419 0.525225 45.9587 39.9106 -3.18712 5.52026 -286.718 
-0.293893 0.509037 -0.0418063 0.0726644 0.525233 45.9598 39.9098 -2.93893 5.09038 -264.234 
-0.267914 0.46404 -0.041816 0.0726811 0.525238 45.9606 39.9091 -2.67914 4.64041 -240.698 
-0.240877 0.417211 -0.0418234 0.072694 0.525242 45.9613 39.9086 -2.40877 4.17212 -216.203 
-0.21289 0.368736 -0.0418294 0.0727042 0.525245 45.9618 39.9082 -2.1289 3.68737 -190.848 
-0.184063 0.318806 -0.0418344 0.0727128 0.525247 45.9622 39.9079 -1.84063 3.18806 -164.731 
-0.154509 0.267617 -0.0418388 0.0727204 0.525248 45.9625 39.9076 -1.54509 2.67618 -137.956 
-0.124345 0.215372 -0.0418429 0.0727275 0.525249 45.9629 39.9073 -1.24346 2.15373 -110.628 
-0.093691 0.162278 -0.041847 0.0727345 0.52525 45.9632 39.907 -0.936913 1.62278 -82.8564 
-0.0626669 0.108542 -0.0418512 0.0727418 0.52525 45.9635 39.9067 -0.626672 1.08543 -54.7494 
-0.0313956 0.0543787 -0.0418558 0.0727498 0.525249 45.9638 39.9063 -0.313959 0.543793 -26.4183 
-3.14159e-07 5.4414e-07 -0.041861 0.0727587 0.525248 45.9642 39.9059 -6.28319e-06 1.08828e-05 2.02489 
0.0313949 -0.0543776 -0.0418671 0.0727692 0.525247 45.9646 39.9055 0.313946 -0.543771 30.468 
0.0626663 -0.108541 -0.0418743 0.0727818 0.525245 45.9651 39.9049 0.62666 -1.08541 58.7988 
0.0936903 -0.162276 -0.0418833 0.0727972 0.525243 45.9658 39.9042 0.9369 -1.62276 86.9053 
0.124345 -0.215371 -0.0418945 0.0728165 0.52524 45.9665 39.9033 1.24344 -2.15371 114.676 
0.154508 -0.267616 -0.0419087 0.072841 0.525236 45.9675 39.9021 1.54508 -2.67616 142.002 
0.184062 -0.318805 -0.041927 0.0728727 0.52523 45.9688 39.9007 1.84062 -3.18804 168.775 
0.212889 -0.368735 -0.0419511 0.0729142 0.525223 45.9705 39.8987 2.12889 -3.68735 194.887 
0.240877 -0.41721 -0.0419831 0.0729694 0.525213 45.9727 39.8962 2.40876 -4.1721 220.236 
0.267913 -0.464039 -0.0420263 0.073044 0.525199 45.9757 39.8927 2.67913 -4.64039 244.717 
0.293892 -0.509037 -0.0420854 0.073146 0.525181 45.9798 39.8879 2.93892 -5.09036 268.229 
0.318712 -0.552025 -0.0421673 0.0732874 0.525155 45.9854 39.8813 3.18712 -5.52025 290.668 
0.342273 -0.592835 -0.0422825 0.0734862 0.525118 45.9934 39.872 3.42273 -5.92834 311.925 
0.364484 -0.631305 -0.0424463 0.0737689 0.525066 46.0047 39.8588 3.64484 -6.31305 331.868 
0.385256 -0.667284 -0.0426819 0.0741757 0.524991 46.021 39.8398 3.85256 -6.67283 350.322 
0.404508 -0.700629 -0.0430247 0.0747676 0.524882 46.0446 39.8121 4.04508 -7.00629 366.997 
0.422164 -0.731209 -0.0435281 0.075637 0.524723 46.0794 39.7715 4.22164 -7.31209 381.356 
0.438153 -0.758904 -0.0442728 0.076924 0.524488 46.131 39.7114 4.38153 -7.58903 392.287 
0.452413 -0.783603 -0.0453798 0.0788381 0.524144 46.2077 39.6221 4.52413 -7.83603 397.406 
0.464888 -0.80521 -0.0470235 0.0816831 0.523647 46.3219 39.4897 4.64888 -8.0521 391.607 
0.475528 -0.823639 -0.0494361 0.0858649 0.52296 46.4906 39.2959 4.75528 -8.23639 364.599 
0.484292 -0.838817 -0.0528666 0.0918215 0.52211 46.7331 39.0224 4.84291 -8.38817 298.862 
0.491144 -0.850686 -0.0574261 0.099754 0.521296 47.0617 38.664 4.91144 -8.50686 175.735 
0.496057 -0.859196 -0.0628164 0.109145 0.520911 47.4611 38.2505 4.96057 -8.59196 0.399775 
0.499013 -0.864316 -0.0682476 0.118609 0.521219 47.8763 37.8466 4.99013 -8.64316 -179.025 
0.5 -0.866025 -0.0728901 0.126688 0.522009 48.2405 37.5113 5 -8.66025 -310.647 
0.499013 -0.864317 -0.0763842 0.132756 0.522876 48.5192 37.2642 4.99013 -8.64317 -384.5 
0.496057 -0.859197 -0.0788184 0.136976 0.523593 48.7152 37.0945 4.96057 -8.59197 -418.342 
0.491144 -0.850686 -0.0804487 0.139798 0.524118 48.8471 36.9817 4.91144 -8.50686 -430.354 
0.484292 -0.838818 -0.0815214 0.141653 0.524482 48.9342 36.9079 4.84292 -8.38818 -431.307 
0.475528 -0.823639 -0.0822229 0.142865 0.524729 48.9913 36.8599 4.75528 -8.23639 -426.444 
0.464888 -0.80521 -0.0826816 0.143658 0.524896 49.0287 36.8286 4.64888 -8.0521 -418.126 
0.452414 -0.783603 -0.0829824 0.144177 0.525009 49.0533 36.8081 4.52414 -7.83604 -407.395 
0.438153 -0.758904 -0.0831807 0.144519 0.525084 49.0695 36.7946 4.38154 -7.58904 -394.726 
0.422164 -0.73121 -0.0833125 0.144747 0.525136 49.0803 36.7857 4.22164 -7.3121 -380.351 
0.404509 -0.70063 -0.0834008 0.144899 0.525172 49.0876 36.7797 4.04509 -7.0063 -364.405 
0.385257 -0.667284 -0.0834607 0.145003 0.525196 49.0925 36.7757 3.85257 -6.67285 -346.987 
0.364485 -0.631306 -0.0835017 0.145073 0.525213 49.0959 36.7729 3.64485 -6.31306 -328.178 
0.342274 -0.592836 -0.0835303 0.145123 0.525225 49.0983 36.771 3.42274 -5.92836 -308.061 
0.318712 -0.552026 -0.0835506 0.145158 0.525233 49.0999 36.7697 3.18712 -5.52026 -286.718 
0.293893 -0.509037 -0.0835652 0.145183 0.525239 49.1011 36.7687 2.93893 -5.09038 -264.233 
0.267914 -0.46404 -0.083576 0.145202 0.525243 49.102 36.7679 2.67914 -4.64041 -240.697 
0.240877 -0.417211 -0.0835843 0.145216 0.525247 49.1027 36.7674 2.40877 -4.17212 -216.203 
0.21289 -0.368736 -0.0835909 0.145227 0.525249 49.1032 36.7669 2.1289 -3.68737 -190.848 
0.184063 -0.318806 -0.0835963 0.145237 0.52525 49.1037 36.7665 1.84063 -3.18806 -164.731 
0.154509 -0.267617 -0.083601 0.145245 0.525251 49.104 36.7662 1.54509 -2.67618 -137.956 
0.124345 -0.215372 -0.0836054 0.145252 0.525252 49.1044 36.7659 1.24346 -2.15373 -110.628 
0.093691 -0.162278 -0.0836096 0.14526 0.525252 49.1047 36.7656 0.936913 -1.62278 -82.8563 
0.0626669 -0.108542 -0.0836139 0.145267 0.525252 49.105 36.7653 0.626672 -1.08543 -54.7493 
0.0313956 -0.0543787 -0.0836186 0.145275 0.525251 49.1053 36.7649 0.313959 -0.543793 -26.4183 
3.14159e-07 -5.4414e-07 -0.0836238 0.145284 0.52525 49.1057 36.7645 6.28319e-06 -1.08828e-05 2.02494 
-0.0313949 0.0543776 -0.0836299 0.145295 0.525249 49.1061 36.764 -0.313946 0.543771 30.4681 
-0.0626663 0.108541 -0.0836371 0.145307 0.525248 49.1067 36.7634 -0.62666 1.08541 58.7989 
-0.0936903 0.162276 -0.0836459 0.145322 0.525245 49.1073 36.7627 -0.9369 1.62276 86.9053 
-0.124345 0.215371 -0.083657 0.145341 0.525242 49.1081 36.7619 -1.24344 2.15371 114.677 
-0.154508 0.267616 -0.083671 0.145365 0.525239 49.109 36.7607 -1.54508 2.67616 142.003 
-0.184062 0.318805 -0.083689 0.145397 0.525234 49.1103 36.7593 -1.84062 3.18804 168.775 
-0.212889 0.368735 -0.0837127 0.145437 0.525227 49.1119 36.7574 -2.12889 3.68735 194.888 
-0.240877 0.41721 -0.0837441 0.145492 0.525218 49.1141 36.7549 -2.40876 4.1721 220.236 
-0.267913 0.464039 -0.0837866 0.145565 0.525205 49.1171 36.7515 -2.67913 4.64039 244.718 
-0.293892 0.509037 -0.0838447 0.145665 0.525188 49.1211 36.7468 -2.93892 5.09036 268.231 
-0.318712 0.552025 -0.0839252 0.145804 0.525165 49.1267 36.7404 -3.18712 5.52025 290.672 
-0.342273 0.592835 -0.0840383 0.145999 0.525131 49.1346 36.7313 -3.42273 5.92834 311.932 
-0.364484 0.631305 -0.0841992 0.146277 0.525084 49.1457 36.7184 -3.64484 6.31305 331.882 
-0.385256 0.667284 -0.0844306 0.146677 0.525016 49.1618 36.6998 -3.85256 6.67283 350.348 
-0.404508 0.700629 -0.0847673 0.147258 0.524916 49.1852 36.6728 -4.04508 7.00629 367.052 
-0.422164 0.731209 -0.0852618 0.148112 0.524771 49.2196 36.6331 -4.22164 7.31209 381.47 
-0.438153 0.758904 -0.0859935 0.149376 0.524558 49.2706 36.5743 -4.38153 7.58903 392.528 
-0.452413 0.783603 -0.0870813 0.151257 0.524244 49.3464 36.4871 -4.52413 7.83603 397.922 
-0.464888 0.80521 -0.0886976 0.154054 0.52379 49.4593 36.3575 -4.64888 8.0521 392.709 
-0.475528 0.823639 -0.0910729 0.158169 0.523162 49.6262 36.1677 -4.75528 8.23639 366.869 
-0.484292 0.838817 -0.0944584 0.164044 0.522379 49.8665 35.8988 -4.84291 8.38817 303.141 
-0.491144 0.850686 -0.0989772 0.171901 0.521616 50.1927 35.5447 -4.91144 8.50686 182.466 
-0.496057 0.859196 -0.104353 0.18126 0.521236 50.5909 35.1326 -4.96057 8.59196 8.34113 
-0.499013 0.864316 -0.109808 0.190758 0.521496 51.0068 34.7262 -4.99013 8.64316 -172.38 
-0.5 0.866025 -0.114498 0.198915 0.522216 51.3732 34.3862 -5 8.66025 -306.524 
-0.499013 0.864317 -0.118041 0.205066 0.523022 51.6544 34.1344 -4.99013 8.64317 -382.395 
-0.496057 0.859197 -0.120515 0.209353 0.523694 51.8524 33.9609 -4.96057 8.59197 -417.372 
-0.491144 0.850686 -0.122173 0.212222 0.524186 51.9858 33.8455 -4.91144 8.50686 -429.926 
-0.484292 0.838818 -0.123264 0.214109 0.524529 52.0739 33.7699 -4.84292 8.38818 -431.122 
-0.475528 0.823639 -0.123978 0.215343 0.524761 52.1316 33.7207 -4.75528 8.23639 -426.364 
-0.464888 0.80521 -0.124445 0.216149 0.524918 52.1695 33.6886 -4.64888 8.0521 -418.091 
-0.452414 0.783603 -0.124751 0.216677 0.525024 52.1943 33.6676 -4.52414 7.83604 -407.38 
-0.438153 0.758904 -0.124952 0.217026 0.525095 52.2107 33.6538 -4.38154 7.58904 -394.719 
-0.422164 0.73121 -0.125087 0.217257 0.525144 52.2217 33.6446 -4.22164 7.3121 -380.348 
-0.404509 0.70063 -0.125176 0.217412 0.525177 52.229 33.6385 -4.04509 7.0063 -364.404 
-0.385257 0.667284 -0.125237 0.217517 0.5252 52.234 33.6344 -3.85257 6.67285 -346.986 
-0.364485 0.631306 -0.125279 0.217589 0.525216 52.2374 33.6315 -3.64485 6.31306 -328.178 
-0.342274 0.592836 -0.125308 0.21764 0.525227 52.2398 33.6296 -3.42274 5.92836 -308.061 
-0.318712 0.552026 -0.125329 0.217675 0.525235 52.2415 33.6282 -3.18712 5.52026 -286.718 
-0.293893 0.509037 -0.125344 0.217701 0.525241 52.2427 33.6272 -2.93893 5.09038 -264.233 
-0.267914 0.46404 -0.125355 0.21772 0.525245 52.2436 33.6264 -2.67914 4.64041 -240.697 
-0.240877 0.417211 -0.125363 0.217734 0.525247 52.2443 33.6258 -2.40877 4.17212 -216.203 
-0.21289 0.368736 -0.12537 0.217746 0.525249 52.2448 33.6254 -2.1289 3.68737 -190.848 
-0.184063 0.318806 -0.125375 0.217755 0.525251 52.2452 33.625 -1.84063 3.18806 -164.731 
-0.154509 0.267617 -0.12538 0.217763 0.525252 52.2456 33.6246 -1.54509 2.67618 -137.956 
-0.124345 0.215372 -0.125384 0.217771 0.525252 52.2459 33.6243 -1.24346 2.15373 -110.628 
-0.093691 0.162278 -0.125389 0.217778 0.525252 52.2463 33.624 -0.936913 1.62278 -82.8563 
-0.0626669 0.108542 -0.125393 0.217786 0.525252 52.2466 33.6237 -0.626672 1.08543 -54.7493 
-0.0313956 0.0543787 -0.125398 0.217794 0.525252 52.2469 33.6233 -0.313959 0.543793 -26.4183 
-3.14159e-07 5.4414e-07 -0.125403 0.217803 0.525251 52.2473 33.6229 -6.28319e-06 1.08828e-05 2.02494 
0.0313949 -0.0543776 -0.125409 0.217813 0.52525 52.2477 33.6224 0.313946 -0.543771 30.4681 
0.0626663 -0.108541 -0.125416 0.217826 0.525248 52.2482 33.6219 0.62666 -1.08541 58.7989 
0.0936903 -0.162276 -0.125425 0.217841 0.525246 52.2489 33.6212 0.9369 -1.62276 86.9054 
0.124345 -0.215371 -0.125436 0.21786 0.525243 52.2496 33.6203 1.24344 -2.15371 114.677 
0.154508 -0.267616 -0.12545 0.217884 0.525239 52.2506 33.6192 1.54508 -2.67616 142.003 
0.184062 -0.318805 -0.125468 0.217915 0.525234 52.2519 33.6177 1.84062 -3.18804 168.775 
0.212889 -0.368735 -0.125492 0.217956 0.525228 52.2535 33.6159 2.12889 -3.68735 194.888 
0.240877 -0.41721 -0.125523 0.21801 0.525219 52.2557 33.6133 2.40876 -4.1721 220.237 
0.267913 -0.464039 -0.125565 0.218083 0.525207 52.2587 33.61 2.67913 -4.64039 244.718 
0.293892 -0.509037 -0.125623 0.218183 0.52519 52.2627 33.6053 2.93892 -5.09036 268.231 
0.318712 -0.552025 -0.125703 0.218322 0.525167 52.2683 33.5989 3.18712 -5.52025 290.673 
0.342273 -0.592835 -0.125816 0.218516 0.525134 52.2761 33.5898 3.42273 -5.92834 311.933 
0.364484 -0.631305 -0.125977 0.218793 0.525088 52.2873 33.577 3.64484 -6.31305 331.884 
0.385256 -0.667284 -0.126208 0.219192 0.525021 52.3034 33.5585 3.85256 -6.67283 350.352 
0.404508 -0.700629 -0.126543 0.219771 0.524924 52.3267 33.5315 4.04508 -7.00629 367.06 
0.422164 -0.731209 -0.127036 0.220623 0.524782 52.3611 33.492 4.22164 -7.31209 381.487 
0.438153 -0.758904 -0.127766 0.221884 0.524573 52.4119 33.4335 4.38153 -7.58903 392.564 
0.452413 -0.783603 -0.128851 0.22376 0.524266 52.4877 33.3466 4.52413 -7.83603 398 
0.464888 -0.80521 -0.130463 0.226549 0.523822 52.6005 33.2175 4.64888 -8.0521 392.874 
0.475528 -0.823639 -0.132833 0.230655 0.523206 52.7672 33.0283 4.75528 -8.23639 367.21 
0.484292 -0.838817 -0.136212 0.236518 0.522438 53.0072 32.7603 4.84291 -8.38817 303.783 
0.491144 -0.850686 -0.140725 0.244362 0.521689 53.3332 32.4069 4.91144 -8.50686 183.476 
0.496057 -0.859196 -0.146099 0.253717 0.521312 53.7313 31.9951 4.96057 -8.59196 9.53129 
0.499013 -0.864316 -0.151557 0.26322 0.521563 54.1472 31.5883 4.99013 -8.64316 -171.387 
0.5 -0.866025 -0.156255 0.271389 0.522269 54.5138 31.2474 5 -8.66025 -305.91 
0.499013 -0.864317 -0.159806 0.277552 0.52306 54.7953 30.9949 4.99013 -8.64317 -382.083 
0.496057 -0.859197 -0.162285 0.281849 0.52372 54.9936 30.8207 4.96057 -8.59197 -417.229 
0.491144 -0.850686 -0.163947 0.284725 0.524204 55.1271 30.7049 4.91144 -8.50686 -429.863 
0.484292 -0.838818 -0.165041 0.286617 0.524541 55.2153 30.629 4.84292 -8.38818 -431.094 
0.475528 -0.823639 -0.165757 0.287854 0.52477 55.2731 30.5795 4.75528 -8.23639 -426.352 
0.464888 -0.80521 -0.166225 0.288662 0.524924 55.311 30.5473 4.64888 -8.0521 -418.086 
0.452414 -0.783603 -0.166532 0.289191 0.525028 55.3359 30.5262 4.52414 -7.83604 -407.378 
0.438153 -0.758904 -0.166734 0.289541 0.525098 55.3523 30.5123 4.38154 -7.58904 -394.718 
0.422164 -0.73121 -0.166869 0.289773 0.525146 55.3632 30.5031 4.22164 -7.3121 -380.347 
0.404509 -0.70063 -0.166959 0.289928 0.525178 55.3706 30.497 4.04509 -7.0063 -364.404 
0.385257 -0.667284 -0.16702 0.290034 0.525201 55.3756 30.4928 3.85257 -6.67285 -346.986 
0.364485 -0.631306 -0.167062 0.290106 0.525217 55.379 30.49 3.64485 -6.31306 -328.178 
0.342274 -0.592836 -0.167091 0.290156 0.525228 55.3814 30.488 3.42274 -5.92836 -308.061 
0.318712 -0.552026 -0.167111 0.290192 0.525235 55.3831 30.4866 3.18712 -5.52026 -286.718 
0.293893 -0.509037 -0.167126 0.290218 0.525241 55.3843 30.4856 2.93893 -5.09038 -264.233 
0.267914 -0.46404 -0.167137 0.290237 0.525245 55.3852 30.4848 2.67914 -4.64041 -240.697 
0.240877 -0.417211 -0.167146 0.290251 0.525248 55.3859 30.4843 2.40877 -4.17212 -216.203 
0.21289 -0.368736 -0.167152 0.290263 0.52525 55.3864 30.4838 2.1289 -3.68737 -190.848 
0.184063 -0.318806 -0.167158 0.290272 0.525251 55.3868 30.4834 1.84063 -3.18806 -164.731 
0.154509 -0.267617 -0.167163 0.29028 0.525252 55.3872 30.4831 1.54509 -2.67618 -137.956 
0.124345 -0.215372 -0.167167 0.290288 0.525252 55.3875 30.4827 1.24346 -2.15373 -110.628 
0.093691 -0.162278 -0.167171 0.290295 0.525252 55.3879 30.4824 0.936913 -1.62278 -82.8563 
0.0626669 -0.108542 -0.167176 0.290303 0.525252 55.3882 30.4821 0.626672 -1.08543 -54.7493 
0.0313956 -0.0543787 -0.16718 0.290311 0.525252 55.3885 30.4817 0.313959 -0.543793 -26.4183 
3.14159e-07 -5.4414e-07 -0.167186 0.29032 0.525251 55.3889 30.4813 6.28319e-06 -1.08828e-05 2.02495 
-0.0313949 0.0543776 -0.167192 0.29033 0.52525 55.3893 30.4809 -0.313946 0.543771 30.4681 
-0.0626663 0.108541 -0.167199 0.290343 0.525248 55.3898 30.4803 -0.62666 1.08541 58.7989 
-0.0936903 0.162276 -0.167208 0.290358 0.525246 55.3905 30.4796 -0.9369 1.62276 86.9054 
-0.124345 0.215371 -0.167219 0.290377 0.525243 55.3912 30.4787 -1.24344 2.15371 114.677 
-0.154508 0.267616 -0.167233 0.290401 0.525239 55.3922 30.4776 -1.54508 2.67616 142.003 
-0.184062 0.318805 -0.167251 0.290432 0.525234 55.3935 30.4762 -1.84062 3.18804 168.775 
-0.212889 0.368735 -0.167274 0.290473 0.525228 55.3951 30.4743 -2.12889 3.68735 194.888 
-0.240877 0.41721 -0.167306 0.290527 0.525219 55.3973 30.4718 -2.40876 4.1721 220.237 
-0.267913 0.464039 -0.167348 0.2906 0.525207 55.4002 30.4684 -2.67913 4.64039 244.718 
-0.293892 0.509037 -0.167406 0.2907 0.52519 55.4043 30.4637 -2.93892 5.09036 268.231 
-0.318712 0.552025 -0.167486 0.290838 0.525167 55.4099 30.4573 -3.18712 5.52025 290.673 
-0.342273 0.592835 -0.167599 0.291033 0.525135 55.4177 30.4483 -3.42273 5.92834 311.933 
-0.364484 0.631305 -0.167759 0.29131 0.525089 55.4289 30.4354 -3.64484 6.31305 331.884 
-0.385256 0.667284 -0.16799 0.291708 0.525022 55.4449 30.4169 -3.85256 6.67283 350.353 
-0.404508 0.700629 -0.168326 0.292288 0.524926 55.4683 30.39 -4.04508 7.00629 367.061 
-0.422164 0.731209 -0.168819 0.293139 0.524784 55.5027 30.3505 -4.22164 7.31209 381.489 
-0.438153 0.758904 -0.169548 0.294399 0.524577 55.5535 30.2921 -4.38153 7.58903 392.57 
-0.452413 0.783603 -0.170633 0.296274 0.524271 55.6293 30.2052 -4.52413 7.83603 398.012 
-0.464888 0.80521 -0.172244 0.299063 0.52383 55.7421 30.0762 -4.64888 8.0521 392.899 
-0.475528 0.823639 -0.174613 0.303167 0.523218 55.9088 29.8872 -4.75528 8.23639 367.261 
-0.484292 0.838817 -0.177991 0.309028 0.522454 56.1488 29.6193 -4.84291 8.38817 303.879 
-0.491144 0.850686 -0.182503 0.316871 0.521709 56.4748 29.266 -4.91144 8.50686 183.626 
-0.496057 0.859196 -0.187877 0.326224 0.521334 56.8729 28.8542 -4.96057 8.59196 9.70389 
-0.499013 0.864316 -0.193336 0.335729 0.521583 57.2888 28.4474 -4.99013 8.64316 -171.247 
-0.5 0.866025 -0.198035 0.343899 0.522285 57.6555 28.1064 -5 8.66025 -305.825 
-0.499013 0.864317 -0.201587 0.350065 0.523071 57.9369 27.8537 -4.99013 8.64317 -382.04 
-0.496057 0.859197 -0.204067 0.354362 0.523728 58.1352 27.6794 -4.96057 8.59197 -417.209 
-0.491144 0.850686 -0.20573 0.35724 0.52421 58.2687 27.5635 -4.91144 8.50686 -429.855 
-0.484292 0.838818 -0.206824 0.359132 0.524545 58.3569 27.4875 -4.84292 8.38818 -431.091 
-0.475528 0.823639 -0.20754 0.360369 0.524772 58.4147 27.438 -4.75528 8.23639 -426.35 
-0.464888 0.80521 -0.208008 0.361178 0.524925 58.4526 27.4058 -4.64888 8.0521 -418.085 
-0.452414 0.783603 -0.208315 0.361708 0.525029 58.4775 27.3847 -4.52414 7.83604 -407.377 
-0.438153 0.758904 -0.208518 0.362057 0.525099 58.4939 27.3708 -4.38154 7.58904 -394.718 
-0.422164 0.73121 -0.208652 0.362289 0.525146 58.5048 27.3616 -4.22164 7.3121 -380.347 
-0.404509 0.70063 -0.208742 0.362445 0.525179 58.5122 27.3554 -4.04509 7.0063 -364.404 
-0.385257 0.667284 -0.208804 0.36255 0.525201 58.5172 27.3513 -3.85257 6.67285 -346.986 
-0.364485 0.631306 -0.208845 0.362622 0.525217 58.5206 27.3484 -3.64485 6.31306 -328.178 
-0.342274 0.592836 -0.208875 0.362673 0.525228 58.523 27.3464 -3.42274 5.92836 -308.061 
-0.318712 0.552026 -0.208895 0.362708 0.525236 58.5246 27.345 -3.18712 5.52026 -286.718 
-0.293893 0.509037 -0.20891 0.362734 0.525241 58.5259 27.344 -2.93893 5.09038 -264.233 
-0.267914 0.46404 -0.208921 0.362753 0.525245 58.5268 27.3432 -2.67914 4.64041 -240.697 
-0.240877 0.417211 -0.20893 0.362768 0.525248 58.5274 27.3427 -2.40877 4.17212 -216.203 
-0.21289 0.368736 -0.208936 0.362779 0.52525 58.528 27.3422 -2.1289 3.68737 -190.848 
-0.184063 0.318806 -0.208942 0.362789 0.525251 58.5284 27.3418 -1.84063 3.18806 -164.731 
-0.154509 0.267617 -0.208947 0.362797 0.525252 58.5288 27.3415 -1.54509 2.67618 -137.956 
-0.124345 0.215372 -0.208951 0.362804 0.525252 58.5291 27.3412 -1.24346 2.15373 -110.628 
-0.093691 0.162278 -0.208955 0.362812 0.525252 58.5294 27.3408 -0.936913 1.62278 -82.8563 
-0.0626669 0.108542 -0.20896 0.362819 0.525252 58.5298 27.3405 -0.626672 1.08543 -54.7493 
-0.0313956 0.0543787 -0.208964 0.362827 0.525252 58.5301 27.3401 -0.313959 0.543793 -26.4183 
-3.14159e-07 5.4414e-07 -0.208969 0.362836 0.525251 58.5305 27.3397 -6.28319e-06 1.08828e-05 2.02495 
0.0313949 -0.0543776 -0.208975 0.362847 0.52525 58.5309 27.3393 0.313946 -0.543771 30.4681 
0.0626663 -0.108541 -0.208983 0.362859 0.525248 58.5314 27.3387 0.62666 -1.08541 58.7989 
0.0936903 -0.162276 -0.208992 0.362875 0.525246 58.5321 27.338 0.9369 -1.62276 86.9054 
0.124345 -0.215371 -0.209003 0.362894 0.525243 58.5328 27.3371 1.24344 -2.15371 114.677 
0.154508 -0.267616 -0.209016 0.362918 0.525239 58.5338 27.336 1.54508 -2.67616 142.003 
0.184062 -0.318805 -0.209034 0.362949 0.525235 58.5351 27.3346 1.84062 -3.18804 168.775 
0.212889 -0.368735 -0.209058 0.362989 0.525228 58.5367 27.3327 2.12889 -3.68735 194.888 
0.240877 -0.41721 -0.209089 0.363044 0.525219 58.5389 27.3302 2.40876 -4.1721 220.237 
0.267913 -0.464039 -0.209132 0.363117 0.525207 58.5418 27.3268 2.67913 -4.64039 244.718 
0.293892 -0.509037 -0.20919 0.363216 0.52519 58.5459 27.3221 2.93892 -5.09036 268.231 
0.318712 -0.552025 -0.20927 0.363355 0.525167 58.5515 27.3157 3.18712 -5.52025 290.673 
0.342273 -0.592835 -0.209383 0.36355 0.525135 58.5593 27.3067 3.42273 -5.92834 311.933 
0.364484 -0.631305 -0.209543 0.363826 0.525089 58.5705 27.2938 3.64484 -6.31305 331.884 
0.385256 -0.667284 -0.209774 0.364225 0.525023 58.5865 27.2753 3.85256 -6.67283 350.353 
0.404508 -0.700629 -0.210109 0.364804 0.524926 58.6099 27.2484 4.04508 -7.00629 367.061 
0.422164 -0.731209 -0.210602 0.365655 0.524785 58.6443 27.2089 4.22164 -7.31209 381.49 
0.438153 -0.758904 -0.211332 0.366916 0.524578 58.6951 27.1505 4.38153 -7.58903 392.571 
0.452413 -0.783603 -0.212416 0.36879 0.524273 58.7709 27.0636 4.52413 -7.83603 398.013 
0.464888 -0.80521 -0.214028 0.371579 0.523832 58.8837 26.9347 4.64888 -8.0521 392.903 
0.475528 -0.823639 -0.216397 0.375683 0.523221 59.0504 26.7457 4.75528 -8.23639 367.269 
0.484292 -0.838817 -0.219774 0.381544 0.522459 59.2904 26.4778 4.84291 -8.38817 303.893 
0.491144 -0.850686 -0.224286 0.389386 0.521715 59.6164 26.1246 4.91144 -8.50686 183.646 
0.496057 -0.859196 -0.22966 0.39874 0.52134 60.0145 25.7128 4.96057 -8.59196 9.72602 
0.499013 -0.864316 -0.23512 0.408244 0.521589 60.4305 25.3059 4.99013 -8.64316 -171.23 
0.5 -0.866025 -0.239819 0.416415 0.52229 60.7971 24.9649 5 -8.66025 -305.816 
0.499013 -0.864317 -0.243371 0.42258 0.523075 61.0786 24.7122 4.99013 -8.64317 -382.036 
0.496057 -0.859197 -0.245851 0.426878 0.52373 61.2768 24.5379 4.96057 -8.59197 -417.207 
0.491144 -0.850686 -0.247514 0.429756 0.524211 61.4103 24.4219 4.91144 -8.50686 -429.854 
0.484292 -0.838818 -0.248608 0.431648 0.524546 61.4985 24.3459 4.84292 -8.38818 -431.09 
0.475528 -0.823639 -0.249324 0.432885 0.524773 61.5563 24.2964 4.75528 -8.23639 -426.35 
0.464888 -0.80521 -0.249792 0.433694 0.524926 61.5942 24.2642 4.64888 -8.0521 -418.085 
0.452414 -0.783603 -0.250099 0.434224 0.525029 61.6191 24.2431 4.52414 -7.83604 -407.377 
0.438153 -0.758904 -0.250302 0.434573 0.525099 61.6355 24.2292 4.38154 -7.58904 -394.718 
0.422164 -0.73121 -0.250436 0.434806 0.525146 61.6464 24.22 4.22164 -7.3121 -380.347 
0.404509 -0.70063 -0.250527 0.434961 0.525179 61.6538 24.2138 4.04509 -7.0063 -364.404 
0.385257 -0.667284 -0.250588 0.435066 0.525201 61.6588 24.2097 3.85257 -6.67285 -346.986 
0.364485 -0.631306 -0.25063 0.435139 0.525217 61.6622 24.2068 3.64485 -6.31306 -328.178 
0.342274 -0.592836 -0.250659 0.435189 0.525228 61.6646 24.2048 3.42274 -5.92836 -308.061 
0.318712 -0.552026 -0.250679 0.435225 0.525236 61.6662 24.2034 3.18712 -5.52026 -286.718 
0.293893 -0.509037 -0.250694 0.43525 0.525241 61.6675 24.2024 2.93893 -5.09038 -264.233 
0.267914 -0.46404 -0.250705 0.43527 0.525245 61.6684 24.2017 2.67914 -4.64041 -240.697 
0.240877 -0.417211 -0.250714 0.435284 0.525248 61.669 24.2011 2.40877 -4.17212 -216.203 
0.21289 -0.368736 -0.25072 0.435296 0.52525 61.6696 24.2006 2.1289 -3.68737 -190.848 
0.184063 -0.318806 -0.250726 0.435305 0.525251 61.67 24.2002 1.84063 -3.18806 -164.731 
0.154509 -0.267617 -0.250731 0.435313 0.525252 61.6704 24.1999 1.54509 -2.67618 -137.956 
0.124345 -0.215372 -0.250735 0.435321 0.525252 61.6707 24.1996 1.24346 -2.15373 -110.628 
0.093691 -0.162278 -0.250739 0.435328 0.525252 61.671 24.1992 0.936913 -1.62278 -82.8563 
0.0626669 -0.108542 -0.250744 0.435336 0.525252 61.6714 24.1989 0.626672 -1.08543 -54.7493 
0.0313956 -0.0543787 -0.250748 0.435344 0.525252 61.6717 24.1986 0.313959 -0.543793 -26.4183 
3.14159e-07 -5.4414e-07 -0.250754 0.435353 0.525251 61.6721 24.1981 6.28319e-06 -1.08828e-05 2.02495 
-0.0313949 0.0543776 -0.25076 0.435363 0.52525 61.6725 24.1977 -0.313946 0.543771 30.4681 
-0.0626663 0.108541 -0.250767 0.435376 0.525248 61.673 24.1971 -0.62666 1.08541 58.7989 
-0.0936903 0.162276 -0.250776 0.435391 0.525246 61.6736 24.1964 -0.9369 1.62276 86.9054 
-0.124345 0.215371 -0.250787 0.43541 0.525243 61.6744 24.1955 -1.24344 2.15371 114.677 
-0.154508 0.267616 -0.250801 0.435434 0.525239 61.6754 24.1944 -1.54508 2.67616 142.003 
-0.184062 0.318805 -0.250819 0.435465 0.525235 61.6766 24.193 -1.84062 3.18804 168.775 
-0.212889 0.368735 -0.250842 0.435506 0.525228 61.6783 24.1911 -2.12889 3.68735 194.888 
-0.240877 0.41721 -0.250874 0.43556 0.525219 61.6805 24.1886 -2.40876 4.1721 220.237 
-0.267913 0.464039 -0.250916 0.435633 0.525207 61.6834 24.1852 -2.67913 4.64039 244.718 
-0.293892 0.509037 -0.250974 0.435733 0.525191 61.6875 24.1806 -2.93892 5.09036 268.231 
-0.318712 0.552025 -0.251054 0.435871 0.525168 61.6931 24.1741 -3.18712 5.52025 290.673 
-0.342273 0.592835 -0.251167 0.436066 0.525135 61.7009 24.1651 -3.42273 5.92834 311.933 
-0.364484 0.631305 -0.251327 0.436343 0.525089 61.7121 24.1522 -3.64484 6.31305 331.884 
-0.385256 0.667284 -0.251558 0.436741 0.525023 61.7281 24.1338 -3.85256 6.67283 350.353 
-0.404508 0.700629 -0.251894 0.437321 0.524927 61.7515 24.1069 -4.04508 7.00629 367.061 
-0.422164 0.731209 -0.252386 0.438172 0.524786 61.7859 24.0674 -4.22164 7.31209 381.49 
-0.438153 0.758904 -0.253116 0.439432 0.524578 61.8367 24.0089 -4.38153 7.58903 392.571 
-0.452413 0.783603 -0.2542 0.441307 0.524274 61.9125 23.9221 -4.52413 7.83603 398.014 
-0.464888 0.80521 -0.255812 0.444095 0.523833 62.0253 23.7931 -4.64888 8.0521 392.903 
-0.475528 0.823639 -0.258181 0.448199 0.523222 62.192 23.6041 -4.75528 8.23639 367.27 
-0.484292 0.838817 -0.261559 0.45406 0.522461 62.432 23.3363 -4.84291 8.38817 303.895 
-0.491144 0.850686 -0.266071 0.461903 0.521717 62.7581 22.983 -4.91144 8.50686 183.649 
-0.496057 0.859196 -0.271444 0.471256 0.521342 63.1562 22.5713 -4.96057 8.59196 9.72773 
-0.499013 0.864316 -0.276904 0.48076 0.521591 63.5721 22.1644 -4.99013 8.64316 -171.23 
-0.5 0.866025 -0.281603 0.488931 0.522291 63.9387 21.8234 -5 8.66025 -305.816 
-0.499013 0.864317 -0.285155 0.495097 0.523076 64.2202 21.5706 -4.99013 8.64317 -382.036 
-0.496057 0.859197 -0.287635 0.499395 0.523731 64.4184 21.3963 -4.96057 8.59197 -417.208 
-0.491144 0.850686 -0.289298 0.502272 0.524212 64.5519 21.2803 -4.91144 8.50686 -429.854 
-0.484292 0.838818 -0.290393 0.504165 0.524546 64.6401 21.2044 -4.84292 8.38818 -431.09 
-0.475528 0.823639 -0.291109 0.505402 0.524773 64.6979 21.1549 -4.75528 8.23639 -426.35 
-0.464888 0.80521 -0.291577 0.50621 0.524926 64.7358 21.1226 -4.64888 8.0521 -418.085 
-0.452414 0.783603 -0.291884 0.50674 0.525029 64.7606 21.1015 -4.52414 7.83604 -407.377 
-0.438153 0.758904 -0.292086 0.50709 0.525099 64.7771 21.0876 -4.38154 7.58904 -394.718 
-0.422164 0.73121 -0.292221 0.507322 0.525147 64.788 21.0784 -4.22164 7.3121 -380.347 
-0.404509 0.70063 -0.292311 0.507477 0.525179 64.7954 21.0722 -4.04509 7.0063 -364.404 
-0.385257 0.667284 -0.292372 0.507583 0.525201 64.8003 21.0681 -3.85257 6.67285 -346.986 
-0.364485 0.631306 -0.292414 0.507655 0.525217 64.8038 21.0652 -3.64485 6.31306 -328.178 
-0.342274 0.592836 -0.292443 0.507705 0.525228 64.8061 21.0632 -3.42274 5.92836 -308.061 
-0.318712 0.552026 -0.292464 0.507741 0.525236 64.8078 21.0618 -3.18712 5.52026 -286.718 
-0.293893 0.509037 -0.292478 0.507767 0.525241 64.8091 21.0608 -2.93893 5.09038 -264.233 
-0.267914 0.46404 -0.292489 0.507786 0.525245 64.8099 21.0601 -2.67914 4.64041 -240.697 
-0.240877 0.417211 -0.292498 0.5078 0.525248 64.8106 21.0595 -2.40877 4.17212 -216.203 
-0.21289 0.368736 -0.292505 0.507812 0.52525 64.8112 21.059 -2.1289 3.68737 -190.848 
-0.184063 0.318806 -0.29251 0.507821 0.525251 64.8116 21.0586 -1.84063 3.18806 -164.731 
-0.154509 0.267617 -0.292515 0.50783 0.525252 64.812 21.0583 -1.54509 2.67618 -137.956 
-0.124345 0.215372 -0.292519 0.507837 0.525252 64.8123 21.058 -1.24346 2.15373 -110.628 
-0.093691 0.162278 -0.292523 0.507844 0.525252 64.8126 21.0577 -0.936913 1.62278 -82.8563 
-0.0626669 0.108542 -0.292528 0.507852 0.525252 64.813 21.0573 -0.626672 1.08543 -54.7493 
-0.0313956 0.0543787 -0.292533 0.50786 0.525252 64.8133 21.057 -0.313959 0.543793 -26.4183 
-3.14159e-07 5.4414e-07 -0.292538 0.507869 0.525251 64.8137 21.0566 -6.28319e-06 1.08828e-05 2.02495 
0.0313949 -0.0543776 -0.292544 0.50788 0.52525 64.8141 21.0561 0.313946 -0.543771 30.4681 
0.0626663 -0.108541 -0.292551 0.507892 0.525248 64.8146 21.0555 0.62666 -1.08541 58.7989 
0.0936903 -0.162276 -0.29256 0.507907 0.525246 64.8152 21.0548 0.9369 -1.62276 86.9054 
0.124345 -0.215371 -0.292571 0.507926 0.525243 64.816 21.0539 1.24344 -2.15371 114.677 
0.154508 -0.267616 -0.292585 0.50795 0.525239 64.817 21.0528 1.54508 -2.67616 142.003 
0.184062 -0.318805 -0.292603 0.507981 0.525235 64.8182 21.0514 1.84062 -3.18804 168.775 
0.212889 -0.368735 -0.292626 0.508022 0.525228 64.8199 21.0495 2.12889 -3.68735 194.888 
0.240877 -0.41721 -0.292658 0.508076 0.525219 64.8221 21.047 2.40876 -4.1721 220.237 
0.267913 -0.464039 -0.2927 0.508149 0.525207 64.825 21.0436 2.67913 -4.64039 244.718 
0.293892 -0.509037 -0.292758 0.508249 0.525191 64.8291 21.039 2.93892 -5.09036 268.231 
0.318712 -0.552025 -0.292838 0.508388 0.525168 64.8346 21.0325 3.18712 -5.52025 290.673 
0.342273 -0.592835 -0.292951 0.508582 0.525135 64.8425 21.0235 3.42273 -5.92834 311.933 
0.364484 -0.631305 -0.293111 0.508859 0.525089 64.8537 21.0107 3.64484 -6.31305 331.884 
0.385256 -0.667284 -0.293342 0.509257 0.525023 64.8697 20.9922 3.85256 -6.67283 350.353 
0.404508 -0.700629 -0.293678 0.509837 0.524927 64.8931 20.9653 4.04508 -7.00629 367.061 
0.422164 -0.731209 -0.294171 0.510688 0.524786 64.9275 20.9258 4.22164 -7.31209 381.49 
0.438153 -0.758904 -0.2949 0.511948 0.524578 64.9783 20.8673 4.38153 -7.58903 392.571 
0.452413 -0.783603 -0.295984 0.513823 0.524274 65.0541 20.7805 4.52413 -7.83603 398.014 
0.464888 -0.80521 -0.297596 0.516611 0.523833 65.1669 20.6515 4.64888 -8.0521 392.903 
0.475528 -0.823639 -0.299965 0.520715 0.523223 65.3336 20.4625 4.75528 -8.23639 367.27 
0.484292 -0.838817 -0.303343 0.526576 0.522461 65.5736 20.1947 4.84291 -8.38817 303.895 
0.491144 -0.850686 -0.307855 0.534419 0.521717 65.8997 19.8414 4.91144 -8.50686 183.649 
0.496057 -0.859196 -0.313229 0.543772 0.521343 66.2978 19.4297 4.96057 -8.59196 9.72737 
0.499013 -0.864316 -0.318688 0.553277 0.521592 66.7137 19.0228 4.99013 -8.64316 -171.23 
0.5 -0.866025 -0.323387 0.561447 0.522292 67.0803 18.6818 5 -8.66025 -305.817 
0.499013 -0.864317 -0.326939 0.567613 0.523077 67.3618 18.429 4.99013 -8.64317 -382.037 
0.496057 -0.859197 -0.32942 0.571911 0.523731 67.56 18.2547 4.96057 -8.59197 -417.208 
0.491144 -0.850686 -0.331082 0.574788 0.524212 67.6935 18.1387 4.91144 -8.50686 -429.854 
0.484292 -0.838818 -0.332177 0.576681 0.524546 67.7817 18.0628 4.84292 -8.38818 -431.09 
0.475528 -0.823639 -0.332893 0.577918 0.524773 67.8395 18.0133 4.75528 -8.23639 -426.35 
0.464888 -0.80521 -0.333361 0.578726 0.524926 67.8774 17.981 4.64888 -8.0521 -418.085 
0.452414 -0.783603 -0.333668 0.579256 0.525029 67.9022 17.9599 4.52414 -7.83604 -407.377 
0.438153 -0.758904 -0.33387 0.579606 0.525099 67.9187 17.946 4.38154 -7.58904 -394.718 
0.422164 -0.73121 -0.334005 0.579838 0.525147 67.9296 17.9368 4.22164 -7.3121 -380.347 
0.404509 -0.70063 -0.334095 0.579994 0.525179 67.937 17.9306 4.04509 -7.0063 -364.404 
0.385257 -0.667284 -0.334156 0.580099 0.525201 67.9419 17.9265 3.85257 -6.67285 -346.986 
0.364485 -0.631306 -0.334198 0.580171 0.525217 67.9454 17.9236 3.64485 -6.31306 -328.178 
0.342274 -0.592836 -0.334227 0.580222 0.525228 67.9477 17.9216 3.42274 -5.92836 -308.061 
0.318712 -0.552026 -0.334248 0.580257 0.525236 67.9494 17.9202 3.18712 -5.52026 -286.718 
0.293893 -0.509037 -0.334263 0.580283 0.525241 67.9506 17.9192 2.93893 -5.09038 -264.233 
0.267914 -0.46404 -0.334274 0.580302 0.525245 67.9515 17.9185 2.67914 -4.64041 -240.697 
0.240877 -0.417211 -0.334282 0.580317 0.525248 67.9522 17.9179 2.40877 -4.17212 -216.203 
0.21289 -0.368736 -0.334289 0.580328 0.52525 67.9528 17.9174 2.1289 -3.68737 -190.848 
0.184063 -0.318806 -0.334294 0.580338 0.525251 67.9532 17.917 1.84063 -3.18806 -164.731 
0.154509 -0.267617 -0.334299 0.580346 0.525252 67.9536 17.9167 1.54509 -2.67618 -137.956 
0.124345 -0.215372 -0.334303 0.580353 0.525252 67.9539 17.9164 1.24346 -2.15373 -110.628 
0.093691 -0.162278 -0.334308 0.580361 0.525252 67.9542 17.9161 0.936913 -1.62278 -82.8563 
0.0626669 -0.108542 -0.334312 0.580368 0.525252 67.9545 17.9157 0.626672 -1.08543 -54.7493 
0.0313956 -0.0543787 -0.334317 0.580376 0.525252 67.9549 17.9154 0.313959 -0.543793 -26.4183 
3.14159e-07 -5.4414e-07 -0.334322 0.580385 0.525251 67.9553 17.915 6.28319e-06 -1.08828e-05 2.02495 
-0.0313949 0.0543776 -0.334328 0.580396 0.52525 67.9557 17.9145 -0.313946 0.543771 30.4681 
-0.0626663 0.108541 -0.334335 0.580408 0.525248 67.9562 17.9139 -0.62666 1.08541 58.7989 
-0.0936903 0.162276 -0.334344 0.580423 0.525246 67.9568 17.9132 -0.9369 1.62276 86.9054 
-0.124345 0.215371 -0.334355 0.580442 0.525243 67.9576 17.9123 -1.24344 2.15371 114.677 
-0.154508 0.267616 -0.334369 0.580467 0.525239 67.9586 17.9112 -1.54508 2.67616 142.003 
-0.184062 0.318805 -0.334387 0.580498 0.525235 67.9598 17.9098 -1.84062 3.18804 168.775 
-0.212889 0.368735 -0.334411 0.580538 0.525228 67.9615 17.9079 -2.12889 3.68735 194.888 
-0.240877 0.41721 -0.334442 0.580592 0.525219 67.9637 17.9054 -2.40876 4.1721 220.237 
-0.267913 0.464039 -0.334484 0.580665 0.525207 67.9666 17.902 -2.67913 4.64039 244.718 
-0.293892 0.509037 -0.334542 0.580765 0.525191 67.9706 17.8974 -2.93892 5.09036 268.231 
-0.318712 0.552025 -0.334622 0.580904 0.525168 67.9762 17.8909 -3.18712 5.52025 290.673 
-0.342273 0.592835 -0.334735 0.581098 0.525135 67.9841 17.8819 -3.42273 5.92834 311.933 
-0.364484 0.631305 -0.334896 0.581375 0.525089 67.9953 17.8691 -3.64484 6.31305 331.884 
-0.385256 0.667284 -0.335126 0.581774 0.525023 68.0113 17.8506 -3.85256 6.67283 350.353 
-0.404508 0.700629 -0.335462 0.582353 0.524927 68.0347 17.8237 -4.04508 7.00629 367.061 
-0.422164 0.731209 -0.335955 0.583204 0.524786 68.069 17.7842 -4.22164 7.31209 381.49 
-0.438153 0.758904 -0.336684 0.584464 0.524578 68.1199 17.7257 -4.38153 7.58903 392.571 
-0.452413 0.783603 -0.337769 0.586339 0.524274 68.1957 17.6389 -4.52413 7.83603 398.014 
-0.464888 0.80521 -0.33938 0.589128 0.523833 68.3085 17.5099 -4.64888 8.0521 392.903 
-0.475528 0.823639 -0.341749 0.593231 0.523223 68.4752 17.3209 -4.75528 8.23639 367.27 
-0.484292 0.838817 -0.345127 0.599092 0.522461 68.7152 17.0531 -4.84291 8.38817 303.895 
-0.491144 0.850686 -0.349639 0.606935 0.521718 69.0413 16.6999 -4.91144 8.50686 183.649 
-0.496057 0.859196 -0.355013 0.616289 0.521343 69.4394 16.2881 -4.96057 8.59196 9.72709 
-0.499013 0.864316 -0.360472 0.625793 0.521592 69.8553 15.8812 -4.99013 8.64316 -171.231 
-0.5 0.866025 -0.365171 0.633964 0.522292 70.2219 15.5402 -5 8.66025 -305.817 
-0.499013 0.864317 -0.368724 0.640129 0.523077 70.5034 15.2874 -4.99013 8.64317 -382.037 
-0.496057 0.859197 -0.371204 0.644427 0.523732 70.7016 15.1131 -4.96057 8.59197 -417.208 
-0.491144 0.850686 -0.372867 0.647305 0.524212 70.8351 14.9971 -4.91144 8.50686 -429.854 
-0.484292 0.838818 -0.373961 0.649197 0.524546 70.9233 14.9212 -4.84292 8.38818 -431.09 
-0.475528 0.823639 -0.374677 0.650434 0.524773 70.9811 14.8717 -4.75528 8.23639 -426.35 
-0.464888 0.80521 -0.375145 0.651243 0.524926 71.019 14.8394 -4.64888 8.0521 -418.085 
-0.452414 0.783603 -0.375452 0.651773 0.525029 71.0438 14.8183 -4.52414 7.83604 -407.377 
-0.438153 0.758904 -0.375655 0.652122 0.525099 71.0603 14.8044 -4.38154 7.58904 -394.718 
-0.422164 0.73121 -0.375789 0.652354 0.525147 71.0712 14.7952 -4.22164 7.3121 -380.347 
-0.404509 0.70063 -0.375879 0.65251 0.525179 71.0785 14.789 -4.04509 7.0063 -364.404 
-0.385257 0.667284 -0.37594 0.652615 0.525201 71.0835 14.7849 -3.85257 6.67285 -346.986 
-0.364485 0.631306 -0.375982 0.652688 0.525217 71.087 14.782 -3.64485 6.31306 -328.178 
-0.342274 0.592836 -0.376011 0.652738 0.525228 71.0893 14.78 -3.42274 5.92836 -308.061 
-0.318712 0.552026 -0.376032 0.652774 0.525236 71.091 14.7786 -3.18712 5.52026 -286.718 
-0.293893 0.509037 -0.376047 0.652799 0.525241 71.0922 14.7776 -2.93893 5.09038 -264.233 
-0.267914 0.46404 -0.376058 0.652818 0.525245 71.0931 14.7769 -2.67914 4.64041 -240.697 
-0.240877 0.417211 -0.376066 0.652833 0.525248 71.0938 14.7763 -2.40877 4.17212 -216.203 
-0.21289 0.368736 -0.376073 0.652844 0.52525 71.0943 14.7758 -2.1289 3.68737 -190.848 
-0.184063 0.318806 -0.376079 0.652854 0.525251 71.0948 14.7754 -1.84063 3.18806 -164.731 
-0.154509 0.267617 -0.376083 0.652862 0.525252 71.0952 14.7751 -1.54509 2.67618 -137.956 
-0.124345 0.215372 -0.376088 0.65287 0.525252 71.0955 14.7748 -1.24346 2.15373 -110.628 
-0.093691 0.162278 -0.376092 0.652877 0.525252 71.0958 14.7745 -0.936913 1.62278 -82.8563 
-0.0626669 0.108542 -0.376096 0.652884 0.525252 71.0961 14.7741 -0.626672 1.08543 -54.7493 
-0.0313956 0.0543787 -0.376101 0.652893 0.525252 71.0965 14.7738 -0.313959 0.543793 -26.4183 
-3.14159e-07 5.4414e-07 -0.376106 0.652902 0.525251 71.0969 14.7734 -6.28319e-06 1.08828e-05 2.02495 
0.0313949 -0.0543776 -0.376112 0.652912 0.52525 71.0973 14.7729 0.313946 -0.543771 30.4681 
0.0626663 -0.108541 -0.37612 0.652925 0.525248 71.0978 14.7723 0.62666 -1.08541 58.7989 
0.0936903 -0.162276 -0.376128 0.65294 0.525246 71.0984 14.7716 0.9369 -1.62276 86.9054 
0.124345 -0.215371 -0.376139 0.652959 0.525243 71.0992 14.7708 1.24344 -2.15371 114.677 
0.154508 -0.267616 -0.376153 0.652983 0.525239 71.1002 14.7696 1.54508 -2.67616 142.003 
0.184062 -0.318805 -0.376171 0.653014 0.525235 71.1014 14.7682 1.84062 -3.18804 168.775 
0.212889 -0.368735 -0.376195 0.653055 0.525228 71.1031 14.7663 2.12889 -3.68735 194.888 
0.240877 -0.41721 -0.376226 0.653109 0.525219 71.1053 14.7638 2.40876 -4.1721 220.237 
0.267913 -0.464039 -0.376269 0.653182 0.525207 71.1082 14.7604 2.67913 -4.64039 244.718 
0.293892 -0.509037 -0.376326 0.653282 0.525191 71.1122 14.7558 2.93892 -5.09036 268.231 
0.318712 -0.552025 -0.376407 0.65342 0.525168 71.1178 14.7493 3.18712 -5.52025 290.673 
0.342273 -0.592835 -0.376519 0.653615 0.525135 71.1257 14.7403 3.42273 -5.92834 311.933 
0.364484 -0.631305 -0.37668 0.653892 0.525089 71.1368 14.7275 3.64484 -6.31305 331.884 
0.385256 -0.667284 -0.376911 0.65429 0.525023 71.1529 14.709 3.85256 -6.67283 350.353 
0.404508 -0.700629 -0.377246 0.654869 0.524927 71.1763 14.6821 4.04508 -7.00629 367.061 
0.422164 -0.731209 -0.377739 0.655721 0.524786 71.2106 14.6426 4.22164 -7.31209 381.49 
0.438153 -0.758904 -0.378469 0.656981 0.524578 71.2615 14.5841 4.38153 -7.58903 392.571 
0.452413 -0.783603 -0.379553 0.658856 0.524274 71.3373 14.4973 4.52413 -7.83603 398.014 
0.464888 -0.80521 -0.381165 0.661644 0.523833 71.4501 14.3683 4.64888 -8.0521 392.903 
0.475528 -0.823639 -0.383533 0.665748 0.523223 71.6168 14.1793 4.75528 -8.23639 367.27 
0.484292 -0.838817 -0.386911 0.671609 0.522461 71.8568 13.9115 4.84291 -8.38817 303.895 
0.491144 -0.850686 -0.391423 0.679452 0.521718 72.1829 13.5583 4.91144 -8.50686 183.648 
0.496057 -0.859196 -0.396797 0.688805 0.521344 72.581 13.1465 4.96057 -8.59196 9.72697 
0.499013 -0.864316 -0.402257 0.698309 0.521592 72.9969 12.7396 4.99013 -8.64316 -171.231 
0.5 -0.866025 -0.406956 0.70648 0.522292 73.3635 12.3986 5 -8.66025 -305.817 
0.499013 -0.864317 -0.410508 0.712646 0.523077 73.645 12.1458 4.99013 -8.64317 -382.037 
0.496057 -0.859197 -0.412988 0.716943 0.523732 73.8432 11.9715 4.96057 -8.59197 -417.208 
0.491144 -0.850686 -0.414651 0.719821 0.524212 73.9767 11.8556 4.91144 -8.50686 -429.854 
0.484292 -0.838818 -0.415745 0.721714 0.524546 74.0649 11.7796 4.84292 -8.38818 -431.09 
0.475528 -0.823639 -0.416461 0.722951 0.524773 74.1227 11.7301 4.75528 -8.23639 -426.35 
0.464888 -0.80521 -0.416929 0.723759 0.524926 74.1606 11.6978 4.64888 -8.0521 -418.085 
0.452414 -0.783603 -0.417236 0.724289 0.525029 74.1854 11.6767 4.52414 -7.83604 -407.377 
0.438153 -0.758904 -0.417439 0.724638 0.525099 74.2019 11.6628 4.38154 -7.58904 -394.718 
0.422164 -0.73121 -0.417573 0.724871 0.525147 74.2128 11.6536 4.22164 -7.3121 -380.347 
0.404509 -0.70063 -0.417664 0.725026 0.525179 74.2201 11.6475 4.04509 -7.0063 -364.404 
0.385257 -0.667284 -0.417725 0.725132 0.525201 74.2251 11.6433 3.85257 -6.67285 -346.986 
0.364485 -0.631306 -0.417767 0.725204 0.525217 74.2285 11.6404 3.64485 -6.31306 -328.178 
0.342274 -0.592836 -0.417796 0.725254 0.525228 74.2309 11.6385 3.42274 -5.92836 -308.061 
0.318712 -0.552026 -0.417816 0.72529 0.525236 74.2326 11.6371 3.18712 -5.52026 -286.718 
0.293893 -0.509037 -0.417831 0.725316 0.525241 74.2338 11.636 2.93893 -5.09038 -264.233 
0.267914 -0.46404 -0.417842 0.725335 0.525245 74.2347 11.6353 2.67914 -4.64041 -240.697 
0.240877 -0.417211 -0.417851 0.725349 0.525248 74.2354 11.6347 2.40877 -4.17212 -216.203 
0.21289 -0.368736 -0.417857 0.725361 0.52525 74.2359 11.6342 2.1289 -3.68737 -190.848 
0.184063 -0.318806 -0.417863 0.72537 0.525251 74.2364 11.6339 1.84063 -3.18806 -164.731 
0.154509 -0.267617 -0.417868 0.725378 0.525252 74.2368 11.6335 1.54509 -2.67618 -137.956 
0.124345 -0.215372 -0.417872 0.725386 0.525252 74.2371 11.6332 1.24346 -2.15373 -110.628 
0.093691 -0.162278 -0.417876 0.725393 0.525252 74.2374 11.6329 0.936913 -1.62278 -82.8563 
0.0626669 -0.108542 -0.417881 0.725401 0.525252 74.2377 11.6325 0.626672 -1.08543 -54.7493 
0.0313956 -0.0543787 -0.417885 0.725409 0.525252 74.2381 11.6322 0.313959 -0.543793 -26.4183 
3.14159e-07 -5.4414e-07 -0.417891 0.725418 0.525251 74.2384 11.6318 6.28319e-06 -1.08828e-05 2.02495 
-0.0313949 0.0543776 -0.417897 0.725428 0.52525 74.2389 11.6313 -0.313946 0.543771 30.4681 
-0.0626663 0.108541 -0.417904 0.725441 0.525248 74.2394 11.6307 -0.62666 1.08541 58.7989 
-0.0936903 0.162276 -0.417913 0.725456 0.525246 74.24 11.63 -0.9369 1.62276 86.9054 
-0.124345 0.215371 -0.417924 0.725475 0.525243 74.2408 11.6292 -1.24344 2.15371 114.677 
-0.154508 0.267616 -0.417938 0.725499 0.525239 74.2418 11.628 -1.54508 2.67616 142.003 
-0.184062 0.318805 -0.417956 0.72553 0.525235 74.243 11.6266 -1.84062 3.18804 168.775 
-0.212889 0.368735 -0.417979 0.725571 0.525228 74.2447 11.6247 -2.12889 3.68735 194.888 
-0.240877 0.41721 -0.418011 0.725625 0.525219 74.2469 11.6222 -2.40876 4.1721 220.237 
-0.267913 0.464039 -0.418053 0.725698 0.525207 74.2498 11.6188 -2.67913 4.64039 244.718 
-0.293892 0.509037 -0.418111 0.725798 0.525191 74.2538 11.6142 -2.93892 5.09036 268.231 
-0.318712 0.552025 -0.418191 0.725936 0.525168 74.2594 11.6078 -3.18712 5.52025 290.673 
-0.342273 0.592835 -0.418304 0.726131 0.525135 74.2673 11.5987 -3.42273 5.92834 311.933 
-0.364484 0.631305 -0.418464 0.726408 0.525089 74.2784 11.5859 -3.64484 6.31305 331.884 
-0.385256 0.667284 -0.418695 0.726806 0.525023 74.2945 11.5674 -3.85256 6.67283 350.353 
-0.404508 0.700629 -0.41903 0.727386 0.524927 74.3179 11.5405 -4.04508 7.00629 367.061 
-0.422164 0.731209 -0.419523 0.728237 0.524786 74.3522 11.501 -4.22164 7.31209 381.49 
-0.438153 0.758904 -0.420253 0.729497 0.524578 74.4031 11.4425 -4.38153 7.58903 392.571 
-0.452413 0.783603 -0.421337 0.731372 0.524274 74.4788 11.3557 -4.52413 7.83603 398.014 
-0.464888 0.80521 -0.422949 0.73416 0.523833 74.5917 11.2268 -4.64888 8.0521 392.903 
-0.475528 0.823639 -0.425318 0.738264 0.523223 74.7584 11.0377 -4.75528 8.23639 367.27 
-0.484292 0.838817 -0.428696 0.744125 0.522461 74.9984 10.7699 -4.84291 8.38817 303.895 
-0.491144 0.850686 -0.433208 0.751968 0.521718 75.3245 10.4167 -4.91144 8.50686 183.648 
-0.496057 0.859196 -0.438581 0.761321 0.521344 75.7225 10.0049 -4.96057 8.59196 9.72692 
-0.499013 0.864316 -0.444041 0.770825 0.521592 76.1385 9.59802 -4.99013 8.64316 -171.231 
-0.5 0.866025 -0.44874 0.778996 0.522292 76.5051 9.257 -5 8.66025 -305.817 
-0.499013 0.864317 -0.452292 0.785162 0.523077 76.7866 9.00423 -4.99013 8.64317 -382.037 
-0.496057 0.859197 -0.454772 0.78946 0.523732 76.9848 8.82993 -4.96057 8.59197 -417.208 
-0.491144 0.850686 -0.456435 0.792337 0.524212 77.1183 8.71396 -4.91144 8.50686 -429.854 
-0.484292 0.838818 -0.45753 0.79423 0.524546 77.2065 8.638 -4.84292 8.38818 -431.09 
-0.475528 0.823639 -0.458246 0.795467 0.524773 77.2643 8.58849 -4.75528 8.23639 -426.35 
-0.464888 0.80521 -0.458714 0.796275 0.524926 77.3021 8.55622 -4.64888 8.0521 -418.085 
-0.452414 0.783603 -0.459021 0.796805 0.525029 77.327 8.53511 -4.52414 7.83604 -407.377 
-0.438153 0.758904 -0.459223 0.797155 0.525099 77.3435 8.52123 -4.38154 7.58904 -394.718 
-0.422164 0.73121 -0.459358 0.797387 0.525147 77.3544 8.51202 -4.22164 7.3121 -380.347 
-0.404509 0.70063 -0.459448 0.797542 0.525179 77.3617 8.50586 -4.04509 7.0063 -364.404 
-0.385257 0.667284 -0.459509 0.797648 0.525201 77.3667 8.5017 -3.85257 6.67285 -346.986 
-0.364485 0.631306 -0.459551 0.79772 0.525217 77.3701 8.49885 -3.64485 6.31306 -328.178 
-0.342274 0.592836 -0.45958 0.79777 0.525228 77.3725 8.49686 -3.42274 5.92836 -308.061 
-0.318712 0.552026 -0.459601 0.797806 0.525236 77.3742 8.49546 -3.18712 5.52026 -286.718 
-0.293893 0.509037 -0.459615 0.797832 0.525241 77.3754 8.49444 -2.93893 5.09038 -264.233 
-0.267914 0.46404 -0.459627 0.797851 0.525245 77.3763 8.49369 -2.67914 4.64041 -240.697 
-0.240877 0.417211 -0.459635 0.797865 0.525248 77.377 8.49311 -2.40877 4.17212 -216.203 
-0.21289 0.368736 -0.459642 0.797877 0.52525 77.3775 8.49265 -2.1289 3.68737 -190.848 
-0.184063 0.318806 -0.459647 0.797886 0.525251 77.378 8.49226 -1.84063 3.18806 -164.731 
-0.154509 0.267617 -0.459652 0.797895 0.525252 77.3783 8.49192 -1.54509 2.67618 -137.956 
-0.124345 0.215372 -0.459656 0.797902 0.525252 77.3787 8.4916 -1.24346 2.15373 -110.628 
-0.093691 0.162278 -0.459661 0.797909 0.525252 77.379 8.49128 -0.936913 1.62278 -82.8563 
-0.0626669 0.108542 -0.459665 0.797917 0.525252 77.3793 8.49095 -0.626672 1.08543 -54.7493 
-0.0313956 0.0543787 -0.45967 0.797925 0.525252 77.3797 8.49059 -0.313959 0.543793 -26.4183 
-3.14159e-07 5.4414e-07 -0.459675 0.797934 0.525251 77.38 8.49019 -6.28319e-06 1.08828e-05 2.02495 
0.0313949 -0.0543776 -0.459681 0.797945 0.52525 77.3805 8.48971 0.313946 -0.543771 30.4681 
0.0626663 -0.108541 -0.459688 0.797957 0.525248 77.381 8.48914 0.62666 -1.08541 58.7989 
0.0936903 -0.162276 -0.459697 0.797972 0.525246 77.3816 8.48844 0.9369 -1.62276 86.9054 
0.124345 -0.215371 -0.459708 0.797991 0.525243 77.3824 8.48757 1.24344 -2.15371 114.677 
0.154508 -0.267616 -0.459722 0.798015 0.525239 77.3834 8.48645 1.54508 -2.67616 142.003 
0.184062 -0.318805 -0.45974 0.798046 0.525235 77.3846 8.48501 1.84062 -3.18804 168.775 
0.212889 -0.368735 -0.459763 0.798087 0.525228 77.3863 8.48313 2.12889 -3.68735 194.888 
0.240877 -0.41721 -0.459795 0.798141 0.525219 77.3884 8.48062 2.40876 -4.1721 220.237 
0.267913 -0.464039 -0.459837 0.798214 0.525207 77.3914 8.47723 2.67913 -4.64039 244.718 
0.293892 -0.509037 -0.459895 0.798314 0.525191 77.3954 8.47259 2.93892 -5.09036 268.231 
0.318712 -0.552025 -0.459975 0.798453 0.525168 77.401 8.46616 3.18712 -5.52025 290.673 
0.342273 -0.592835 -0.460088 0.798647 0.525135 77.4089 8.45713 3.42273 -5.92834 311.933 
0.364484 -0.631305 -0.460248 0.798924 0.525089 77.42 8.44428 3.64484 -6.31305 331.884 
0.385256 -0.667284 -0.460479 0.799322 0.525023 77.4361 8.42579 3.85256 -6.67283 350.353 
0.404508 -0.700629 -0.460815 0.799902 0.524927 77.4595 8.3989 4.04508 -7.00629 367.061 
0.422164 -0.731209 -0.461308 0.800753 0.524786 77.4938 8.3594 4.22164 -7.31209 381.49 
0.438153 -0.758904 -0.462037 0.802013 0.524578 77.5447 8.30096 4.38153 -7.58903 392.571 
0.452413 -0.783603 -0.463122 0.803888 0.524274 77.6204 8.2141 4.52413 -7.83603 398.014 
0.464888 -0.80521 -0.464733 0.806676 0.523833 77.7333 8.08516 4.64888 -8.0521 392.903 
0.475528 -0.823639 -0.467102 0.81078 0.523223 77.9 7.89614 4.75528 -8.23639 367.27 
0.484292 -0.838817 -0.47048 0.816641 0.522461 78.14 7.6283 4.84291 -8.38817 303.895 
0.491144 -0.850686 -0.474992 0.824484 0.521718 78.4661 7.27507 4.91144 -8.50686 183.648 
0.496057 -0.859196 -0.480366 0.833837 0.521344 78.8641 6.86332 4.96057 -8.59196 9.72691 
0.499013 -0.864316 -0.485825 0.843342 0.521592 79.2801 6.45643 4.99013 -8.64316 -171.231 
0.5 -0.866025 -0.490524 0.851512 0.522292 79.6467 6.11541 5 -8.66025 -305.817 
0.499013 -0.864317 -0.494076 0.857678 0.523077 79.9282 5.86264 4.99013 -8.64317 -382.037 
0.496057 -0.859197 -0.496557 0.861976 0.523732 80.1264 5.68833 4.96057 -8.59197 -417.208 
0.491144 -0.850686 -0.498219 0.864854 0.524212 80.2599 5.57237 4.91144 -8.50686 -429.854 
0.484292 -0.838818 -0.499314 0.866746 0.524546 80.3481 5.4964 4.84292 -8.38818 -431.09 
0.475528 -0.823639 -0.50003 0.867983 0.524773 80.4059 5.4469 4.75528 -8.23639 -426.35 
0.464888 -0.80521 -0.500498 0.868791 0.524926 80.4437 5.41463 4.64888 -8.0521 -418.085 
0.452414 -0.783603 -0.500805 0.869321 0.525029 80.4686 5.39352 4.52414 -7.83604 -407.377 
0.438153 -0.758904 -0.501007 0.869671 0.525099 80.485 5.37963 4.38154 -7.58904 -394.718 
0.422164 -0.73121 -0.501142 0.869903 0.525147 80.496 5.37043 4.22164 -7.3121 -380.347 
0.404509 -0.70063 -0.501232 0.870059 0.525179 80.5033 5.36427 4.04509 -7.0063 -364.404 
0.385257 -0.667284 -0.501293 0.870164 0.525201 80.5083 5.36011 3.85257 -6.67285 -346.986 
0.364485 -0.631306 -0.501335 0.870236 0.525217 80.5117 5.35726 3.64485 -6.31306 -328.178 
0.342274 -0.592836 -0.501364 0.870287 0.525228 80.5141 5.35527 3.42274 -5.92836 -308.061 
0.318712 -0.552026 -0.501385 0.870322 0.525236 80.5158 5.35387 3.18712 -5.52026 -286.718 
0.293893 -0.509037 -0.5014 0.870348 0.525241 80.517 5.35285 2.93893 -5.09038 -264.233 
0.267914 -0.46404 -0.501411 0.870367 0.525245 80.5179 5.3521 2.67914 -4.64041 -240.697 
0.240877 -0.417211 -0.501419 0.870382 0.525248 80.5186 5.35152 2.40877 -4.17212 -216.203 
0.21289 -0.368736 -0.501426 0.870393 0.52525 80.5191 5.35105 2.1289 -3.68737 -190.848 
0.184063 -0.318806 -0.501431 0.870403 0.525251 80.5196 5.35067 1.84063 -3.18806 -164.731 
0.154509 -0.267617 -0.501436 0.870411 0.525252 80.5199 5.35032 1.54509 -2.67618 -137.956 
0.124345 -0.215372 -0.501441 0.870418 0.525252 80.5203 5.35 1.24346 -2.15373 -110.628 
0.093691 -0.162278 -0.501445 0.870426 0.525252 80.5206 5.34969 0.936913 -1.62278 -82.8563 
0.0626669 -0.108542 -0.501449 0.870433 0.525252 80.5209 5.34936 0.626672 -1.08543 -54.7493 
0.0313956 -0.0543787 -0.501454 0.870441 0.525252 80.5213 5.349 0.313959 -0.543793 -26.4183 
3.14159e-07 -5.4414e-07 -0.501459 0.87045 0.525251 80.5216 5.34859 6.28319e-06 -1.08828e-05 2.02495 
-0.0313949 0.0543776 -0.501465 0.870461 0.52525 80.5221 5.34812 -0.313946 0.543771 30.4681 
-0.0626663 0.108541 -0.501472 0.870473 0.525248 80.5226 5.34755 -0.62666 1.08541 58.7989 
-0.0936903 0.162276 -0.501481 0.870489 0.525246 80.5232 5.34685 -0.9369 1.62276 86.9054 
-0.124345 0.215371 -0.501492 0.870507 0.525243 80.524 5.34597 -1.24344 2.15371 114.677 
-0.154508 0.267616 -0.501506 0.870532 0.525239 80.5249 5.34486 -1.54508 2.67616 142.003 
-0.184062 0.318805 -0.501524 0.870563 0.525235 80.5262 5.34342 -1.84062 3.18804 168.775 
-0.212889 0.368735 -0.501548 0.870603 0.525228 80.5279 5.34154 -2.12889 3.68735 194.888 
-0.240877 0.41721 -0.501579 0.870657 0.525219 80.53 5.33903 -2.40876 4.1721 220.237 
-0.267913 0.464039 -0.501621 0.87073 0.525207 80.533 5.33564 -2.67913 4.64039 244.718 
-0.293892 0.509037 -0.501679 0.87083 0.525191 80.537 5.331 -2.93892 5.09036 268.231 
-0.318712 0.552025 -0.50176 0.870969 0.525168 80.5426 5.32457 -3.18712 5.52025 290.673 
-0.342273 0.592835 -0.501872 0.871164 0.525135 80.5505 5.31554 -3.42273 5.92834 311.933 
-0.364484 0.631305 -0.502033 0.87144 0.525089 80.5616 5.30269 -3.64484 6.31305 331.884 
-0.385256 0.667284 -0.502263 0.871839 0.525023 80.5777 5.2842 -3.85256 6.67283 350.353 
-0.404508 0.700629 -0.502599 0.872418 0.524927 80.6011 5.2573 -4.04508 7.00629 367.061 
-0.422164 0.731209 -0.503092 0.873269 0.524786 80.6354 5.21781 -4.22164 7.31209 381.49 
-0.438153 0.758904 -0.503821 0.87453 0.524578 80.6863 5.15936 -4.38153 7.58903 392.571 
-0.452413 0.783603 -0.504906 0.876404 0.524274 80.762 5.0725 -4.52413 7.83603 398.014 
-0.464888 0.80521 -0.506517 0.879193 0.523833 80.8749 4.94357 -4.64888 8.0521 392.903 
-0.475528 0.823639 -0.508886 0.883296 0.523223 81.0416 4.75455 -4.75528 8.23639 367.27 
-0.484292 0.838817 -0.512264 0.889157 0.522461 81.2816 4.48671 -4.84291 8.38817 303.895 
-0.491144 0.850686 -0.516776 0.897 0.521718 81.6077 4.13348 -4.91144 8.50686 183.648 
-0.496057 0.859196 -0.52215 0.906354 0.521344 82.0057 3.72173 -4.96057 8.59196 9.7269 
-0.499013 0.864316 -0.527609 0.915858 0.521592 82.4217 3.31483 -4.99013 8.64316 -171.231 
-0.5 0.866025 -0.532308 0.924029 0.522292 82.7883 2.97382 -5 8.66025 -305.817 
-0.499013 0.864317 -0.535861 0.930194 0.523077 83.0697 2.72105 -4.99013 8.64317 -382.037 
-0.496057 0.859197 -0.538341 0.934492 0.523732 83.268 2.54674 -4.96057 8.59197 -417.208 
-0.491144 0.850686 -0.540004 0.93737 0.524212 83.4015 2.43077 -4.91144 8.50686 -429.854 
-0.484292 0.838818 -0.541098 0.939262 0.524546 83.4897 2.35481 -4.84292 8.38818 -431.09 
-0.475528 0.823639 -0.541814 0.940499 0.524773 83.5475 2.30531 -4.75528 8.23639 -426.35 
-0.464888 0.80521 -0.542282 0.941308 0.524926 83.5853 2.27304 -4.64888 8.0521 -418.085 
-0.452414 0.783603 -0.542589 0.941838 0.525029 83.6102 2.25193 -4.52414 7.83604 -407.377 
-0.438153 0.758904 -0.542792 0.942187 0.525099 83.6266 2.23804 -4.38154 7.58904 -394.718 
-0.422164 0.73121 -0.542926 0.942419 0.525147 83.6376 2.22884 -4.22164 7.3121 -380.347 
-0.404509 0.70063 -0.543016 0.942575 0.525179 83.6449 2.22268 -4.04509 7.0063 -364.404 
-0.385257 0.667284 -0.543077 0.94268 0.525201 83.6499 2.21852 -3.85257 6.67285 -346.986 
-0.364485 0.631306 -0.543119 0.942753 0.525217 83.6533 2.21566 -3.64485 6.31306 -328.178 
-0.342274 0.592836 -0.543148 0.942803 0.525228 83.6557 2.21368 -3.42274 5.92836 -308.061 
-0.318712 0.552026 -0.543169 0.942839 0.525236 83.6574 2.21227 -3.18712 5.52026 -286.718 
-0.293893 0.509037 -0.543184 0.942864 0.525241 83.6586 2.21126 -2.93893 5.09038 -264.233 
-0.267914 0.46404 -0.543195 0.942883 0.525245 83.6595 2.2105 -2.67914 4.64041 -240.697 
-0.240877 0.417211 -0.543203 0.942898 0.525248 83.6602 2.20992 -2.40877 4.17212 -216.203 
-0.21289 0.368736 -0.54321 0.942909 0.52525 83.6607 2.20946 -2.1289 3.68737 -190.848 
-0.184063 0.318806 -0.543216 0.942919 0.525251 83.6612 2.20907 -1.84063 3.18806 -164.731 
-0.154509 0.267617 -0.54322 0.942927 0.525252 83.6615 2.20873 -1.54509 2.67618 -137.956 
-0.124345 0.215372 -0.543225 0.942935 0.525252 83.6619 2.20841 -1.24346 2.15373 -110.628 
-0.093691 0.162278 -0.543229 0.942942 0.525252 83.6622 2.20809 -0.936913 1.62278 -82.8563 
-0.0626669 0.108542 -0.543233 0.94295 0.525252 83.6625 2.20777 -0.626672 1.08543 -54.7493 
-0.0313956 0.0543787 -0.543238 0.942958 0.525252 83.6628 2.20741 -0.313959 0.543793 -26.4183 
-3.14159e-07 5.4414e-07 -0.543243 0.942967 0.525251 83.6632 2.207 -6.28319e-06 1.08828e-05 2.02495 
0.0313949 -0.0543776 -0.543249 0.942977 0.52525 83.6637 2.20653 0.313946 -0.543771 30.4681 
0.0626663 -0.108541 -0.543257 0.94299 0.525248 83.6642 2.20595 0.62666 -1.08541 58.7989 
0.0936903 -0.162276 -0.543265 0.943005 0.525246 83.6648 2.20525 0.9369 -1.62276 86.9054 
0.124345 -0.215371 -0.543276 0.943024 0.525243 83.6656 2.20438 1.24344 -2.15371 114.677 
0.154508 -0.267616 -0.54329 0.943048 0.525239 83.6665 2.20327 1.54508 -2.67616 142.003 
0.184062 -0.318805 -0.543308 0.943079 0.525235 83.6678 2.20183 1.84062 -3.18804 168.775 
0.212889 -0.368735 -0.543332 0.94312 0.525228 83.6694 2.19994 2.12889 -3.68735 194.888 
0.240877 -0.41721 -0.543363 0.943174 0.525219 83.6716 2.19743 2.40876 -4.1721 220.237 
0.267913 -0.464039 -0.543406 0.943247 0.525207 83.6746 2.19405 2.67913 -4.64039 244.718 
0.293892 -0.509037 -0.543464 0.943347 0.525191 83.6786 2.18941 2.93892 -5.09036 268.231 
0.318712 -0.552025 -0.543544 0.943485 0.525168 83.6842 2.18298 3.18712 -5.52025 290.673 
0.342273 -0.592835 -0.543657 0.94368 0.525135 83.6921 2.17395 3.42273 -5.92834 311.933 
0.364484 -0.631305 -0.543817 0.943957 0.525089 83.7032 2.1611 3.64484 -6.31305 331.884 
0.385256 -0.667284 -0.544048 0.944355 0.525023 83.7193 2.14261 3.85256 -6.67283 350.353 
0.404508 -0.700629 -0.544383 0.944934 0.524927 83.7427 2.11571 4.04508 -7.00629 367.061 
0.422164 -0.731209 -0.544876 0.945786 0.524786 83.777 2.07621 4.22164 -7.31209 381.49 
0.438153 -0.758904 -0.545606 0.947046 0.524578 83.8279 2.01777 4.38153 -7.58903 392.571 
0.452413 -0.783603 -0.54669 0.948921 0.524274 83.9036 1.93091 4.52413 -7.83603 398.014 
0.464888 -0.80521 -0.548302 0.951709 0.523833 84.0165 1.80198 4.64888 -8.0521 392.903 
0.475528 -0.823639 -0.55067 0.955813 0.523223 84.1832 1.61296 4.75528 -8.23639 367.27 
0.484292 -0.838817 -0.554048 0.961674 0.522461 84.4232 1.34512 4.84291 -8.38817 303.895 
0.491144 -0.850686 -0.55856 0.969517 0.521718 84.7492 0.991889 4.91144 -8.50686 183.648 
0.496057 -0.859196 -0.563934 0.97887 0.521344 85.1473 0.580137 4.96057 -8.59196 9.7269 
0.499013 -0.864316 -0.569394 0.988374 0.521592 85.5633 0.173241 4.99013 -8.64316 -171.231 
0.5 -0.866025 -0.574093 0.996545 0.522292 85.9299 -0.167777 5 -8.66025 -305.817 
0.499013 -0.864317 -0.577645 1.00271 0.523077 86.2113 -0.420544 4.99013 -8.64317 -382.037 
0.496057 -0.859197 -0.580125 1.00701 0.523732 86.4096 -0.594852 4.96057 -8.59197 -417.208 
0.491144 -0.850686 -0.581788 1.00989 0.524212 86.5431 -0.710819 4.91144 -8.50686 -429.854 
0.484292 -0.838818 -0.582882 1.01178 0.524546 86.6313 -0.786783 4.84292 -8.38818 -431.09 
0.475528 -0.823639 -0.583598 1.01302 0.524773 86.6891 -0.836286 4.75528 -8.23639 -426.35 
0.464888 -0.80521 -0.584066 1.01382 0.524926 86.7269 -0.868556 4.64888 -8.0521 -418.085 
0.452414 -0.783603 -0.584373 1.01435 0.525029 86.7518 -0.889665 4.52414 -7.83604 -407.377 
0.438153 -0.758904 -0.584576 1.0147 0.525099 86.7682 -0.903552 4.38154 -7.58904 -394.718 
0.422164 -0.73121 -0.58471 1.01494 0.525147 86.7792 -0.912756 4.22164 -7.3121 -380.347 
0.404509 -0.70063 -0.584801 1.01509 0.525179 86.7865 -0.918913 4.04509 -7.0063 -364.404 
0.385257 -0.667284 -0.584862 1.0152 0.525201 86.7915 -0.923078 3.85257 -6.67285 -346.986 
0.364485 -0.631306 -0.584904 1.01527 0.525217 86.7949 -0.92593 3.64485 -6.31306 -328.178 
0.342274 -0.592836 -0.584933 1.01532 0.525228 86.7973 -0.927913 3.42274 -5.92836 -308.061 
0.318712 -0.552026 -0.584953 1.01535 0.525236 86.799 -0.929318 3.18712 -5.52026 -286.718 
0.293893 -0.509037 -0.584968 1.01538 0.525241 86.8002 -0.930334 2.93893 -5.09038 -264.233 
0.267914 -0.46404 -0.584979 1.0154 0.525245 86.8011 -0.931089 2.67914 -4.64041 -240.697 
0.240877 -0.417211 -0.584988 1.01541 0.525248 86.8018 -0.931669 2.40877 -4.17212 -216.203 
0.21289 -0.368736 -0.584994 1.01543 0.52525 86.8023 -0.932132 2.1289 -3.68737 -190.848 
0.184063 -0.318806 -0.585 1.01544 0.525251 86.8027 -0.93252 1.84063 -3.18806 -164.731 
0.154509 -0.267617 -0.585005 1.01544 0.525252 86.8031 -0.932862 1.54509 -2.67618 -137.956 
0.124345 -0.215372 -0.585009 1.01545 0.525252 86.8035 -0.933182 1.24346 -2.15373 -110.628 
0.093691 -0.162278 -0.585013 1.01546 0.525252 86.8038 -0.933498 0.936913 -1.62278 -82.8563 
0.0626669 -0.108542 -0.585018 1.01547 0.525252 86.8041 -0.933827 0.626672 -1.08543 -54.7493 
0.0313956 -0.0543787 -0.585022 1.01547 0.525252 86.8044 -0.934186 0.313959 -0.543793 -26.4183 
3.14159e-07 -5.4414e-07 -0.585028 1.01548 0.525251 86.8048 -0.934592 6.28319e-06 -1.08828e-05 2.02495 
-0.0313949 0.0543776 -0.585034 1.01549 0.52525 86.8053 -0.935068 -0.313946 0.543771 30.4681 
-0.0626663 0.108541 -0.585041 1.01551 0.525248 86.8058 -0.935638 -0.62666 1.08541 58.7989 
-0.0936903 0.162276 -0.58505 1.01552 0.525246 86.8064 -0.936338 -0.9369 1.62276 86.9054 
-0.124345 0.215371 -0.585061 1.01554 0.525243 86.8072 -0.937213 -1.24344 2.15371 114.677 
-0.154508 0.267616 -0.585075 1.01556 0.525239 86.8081 -0.938325 -1.54508 2.67616 142.003 
-0.184062 0.318805 -0.585093 1.0156 0.525235 86.8094 -0.939763 -1.84062 3.18804 168.775 
-0.212889 0.368735 -0.585116 1.01564 0.525228 86.811 -0.941649 -2.12889 3.68735 194.888 
-0.240877 0.41721 -0.585148 1.01569 0.525219 86.8132 -0.944159 -2.40876 4.1721 220.237 
-0.267913 0.464039 -0.58519 1.01576 0.525207 86.8162 -0.947548 -2.67913 4.64039 244.718 
-0.293892 0.509037 -0.585248 1.01586 0.525191 86.8202 -0.952184 -2.93892 5.09036 268.231 
-0.318712 0.552025 -0.585328 1.016 0.525168 86.8258 -0.958614 -3.18712 5.52025 290.673 
-0.342273 0.592835 -0.585441 1.0162 0.525135 86.8336 -0.967647 -3.42273 5.92834 311.933 
-0.364484 0.631305 -0.585601 1.01647 0.525089 86.8448 -0.980495 -3.64484 6.31305 331.884 
-0.385256 0.667284 -0.585832 1.01687 0.525023 86.8609 -0.998985 -3.85256 6.67283 350.353 
-0.404508 0.700629 -0.586168 1.01745 0.524927 86.8843 -1.02588 -4.04508 7.00629 367.061 
-0.422164 0.731209 -0.58666 1.0183 0.524786 86.9186 -1.06538 -4.22164 7.31209 381.49 
-0.438153 0.758904 -0.58739 1.01956 0.524578 86.9695 -1.12382 -4.38153 7.58903 392.571 
-0.452413 0.783603 -0.588474 1.02144 0.524274 87.0452 -1.21068 -4.52413 7.83603 398.014 
-0.464888 0.80521 -0.590086 1.02423 0.523833 87.1581 -1.33962 -4.64888 8.0521 392.903 
-0.475528 0.823639 -0.592455 1.02833 0.523223 87.3248 -1.52864 -4.75528 8.23639 367.27 
-0.484292 0.838817 -0.595833 1.03419 0.522461 87.5648 -1.79647 -4.84291 8.38817 303.895 
-0.491144 0.850686 -0.600345 1.04203 0.521718 87.8908 -2.1497 -4.91144 8.50686 183.648 
-0.496057 0.859196 -0.605718 1.05139 0.521344 88.2889 -2.56146 -4.96057 8.59196 9.7269 
-0.499013 0.864316 -0.611178 1.06089 0.521592 88.7049 -2.96835 -4.99013 8.64316 -171.231 
-0.5 0.866025 -0.615877 1.06906 0.522292 89.0715 -3.30937 -5 8.66025 -305.817 
-0.499013 0.864317 -0.619429 1.07523 0.523077 89.3529 -3.56214 -4.99013 8.64317 -382.037 
-0.496057 0.859197 -0.621909 1.07952 0.523732 89.5512 -3.73644 -4.96057 8.59197 -417.208 
-0.491144 0.850686 -0.623572 1.0824 0.524212 89.6847 -3.85241 -4.91144 8.50686 -429.854 
-0.484292 0.838818 -0.624667 1.08429 0.524546 89.7729 -3.92838 -4.84292 8.38818 -431.09 
-0.475528 0.823639 -0.625383 1.08553 0.524773 89.8307 -3.97788 -4.75528 8.23639 -426.35 
-0.464888 0.80521 -0.625851 1.08634 0.524926 89.8685 -4.01015 -4.64888 8.0521 -418.085 
-0.452414 0.783603 -0.626158 1.08687 0.525029 89.8934 -4.03126 -4.52414 7.83604 -407.377 
-0.438153 0.758904 -0.62636 1.08722 0.525099 89.9098 -4.04514 -4.38154 7.58904 -394.718 
-0.422164 0.73121 -0.626495 1.08745 0.525147 89.9208 -4.05435 -4.22164 7.3121 -380.347 
-0.404509 0.70063 -0.626585 1.08761 0.525179 89.9281 -4.06051 -4.04509 7.0063 -364.404 
-0.385257 0.667284 -0.626646 1.08771 0.525201 89.9331 -4.06467 -3.85257 6.67285 -346.986 
-0.364485 0.631306 -0.626688 1.08779 0.525217 89.9365 -4.06752 -3.64485 6.31306 -328.178 
-0.342274 0.592836 -0.626717 1.08784 0.525228 89.9389 -4.06951 -3.42274 5.92836 -308.061 
-0.318712 0.552026 -0.626738 1.08787 0.525236 89.9406 -4.07091 -3.18712 5.52026 -286.718 
-0.293893 0.509037 -0.626753 1.0879 0.525241 89.9418 -4.07193 -2.93893 5.09038 -264.233 
-0.267914 0.46404 -0.626764 1.08792 0.525245 89.9427 -4.07268 -2.67914 4.64041 -240.697 
-0.240877 0.417211 -0.626772 1.08793 0.525248 89.9434 -4.07326 -2.40877 4.17212 -216.203 
-0.21289 0.368736 -0.626779 1.08794 0.52525 89.9439 -4.07372 -2.1289 3.68737 -190.848 
-0.184063 0.318806 -0.626784 1.08795 0.525251 89.9443 -4.07411 -1.84063 3.18806 -164.731 
-0.154509 0.267617 -0.626789 1.08796 0.525252 89.9447 -4.07445 -1.54509 2.67618 -137.956 
-0.124345 0.215372 -0.626793 1.08797 0.525252 89.9451 -4.07477 -1.24346 2.15373 -110.628 
-0.093691 0.162278 -0.626798 1.08797 0.525252 89.9454 -4.07509 -0.936913 1.62278 -82.8563 
-0.0626669 0.108542 -0.626802 1.08798 0.525252 89.9457 -4.07542 -0.626672 1.08543 -54.7493 
-0.0313956 0.0543787 -0.626807 1.08799 0.525252 89.946 -4.07578 -0.313959 0.543793 -26.4183 
-3.14159e-07 5.4414e-07 -0.626812 1.088 0.525251 89.9464 -4.07619 -6.28319e-06 1.08828e-05 2.02495 
0.0313949 -0.0543776 -0.626818 1.08801 0.52525 89.9468 -4.07666 0.313946 -0.543771 30.4681 
0.0626663 -0.108541 -0.626825 1.08802 0.525248 89.9474 -4.07723 0.62666 -1.08541 58.7989 
0.0936903 -0.162276 -0.626834 1.08804 0.525246 89.948 -4.07793 0.9369 -1.62276 86.9054 
0.124345 -0.215371 -0.626845 1.08806 0.525243 89.9487 -4.07881 1.24344 -2.15371 114.677 
0.154508 -0.267616 -0.626859 1.08808 0.525239 89.9497 -4.07992 1.54508 -2.67616 142.003 
0.184062 -0.318805 -0.626877 1.08811 0.525235 89.951 -4.08136 1.84062 -3.18804 168.775 
0.212889 -0.368735 -0.6269 1.08815 0.525228 89.9526 -4.08324 2.12889 -3.68735 194.888 
0.240877 -0.41721 -0.626932 1.08821 0.525219 89.9548 -4.08575 2.40876 -4.1721 220.237 
0.267913 -0.464039 -0.626974 1.08828 0.525207 89.9578 -4.08914 2.67913 -4.64039 244.718 
0.293892 -0.509037 -0.627032 1.08838 0.525191 89.9618 -4.09378 2.93892 -5.09036 268.231 
0.318712 -0.552025 -0.627112 1.08852 0.525168 89.9674 -4.10021 3.18712 -5.52025 290.673 
0.342273 -0.592835 -0.627225 1.08871 0.525135 89.9752 -4.10924 3.42273 -5.92834 311.933 
0.364484 -0.631305 -0.627385 1.08899 0.525089 89.9864 -4.12209 3.64484 -6.31305 331.884 
0.385256 -0.667284 -0.627616 1.08939 0.525023 90.0025 -4.14058 3.85256 -6.67283 350.353 
0.404508 -0.700629 -0.627952 1.08997 0.524927 90.0258 -4.16747 4.04508 -7.00629 367.061 
0.422164 -0.731209 -0.628445 1.09082 0.524786 90.0602 -4.20697 4.22164 -7.31209 381.49 
0.438153 -0.758904 -0.629174 1.09208 0.524578 90.1111 -4.26541 4.38153 -7.58903 392.571 
0.452413 -0.783603 -0.630259 1.09395 0.524274 90.1868 -4.35228 4.52413 -7.83603 398.014 
0.464888 -0.80521 -0.63187 1.09674 0.523833 90.2996 -4.48121 4.64888 -8.0521 392.903 
0.475528 -0.823639 -0.634239 1.10085 0.523223 90.4664 -4.67023 4.75528 -8.23639 367.27 
0.484292 -0.838817 -0.637617 1.10671 0.522461 90.7064 -4.93807 4.84291 -8.38817 303.895 
0.491144 -0.850686 -0.642129 1.11455 0.521718 91.0324 -5.2913 4.91144 -8.50686 183.648 
0.496057 -0.859196 -0.647503 1.1239 0.521344 91.4305 -5.70305 4.96057 -8.59196 9.7269 
0.499013 -0.864316 -0.652962 1.13341 0.521592 91.8465 -6.10994 4.99013 -8.64316 -171.231 
0.5 -0.866025 -0.657661 1.14158 0.522292 92.2131 -6.45096 5 -8.66025 -305.817 
0.499013 -0.864317 -0.661213 1.14774 0.523077 92.4945 -6.70373 4.99013 -8.64317 -382.037 
0.496057 -0.859197 -0.663694 1.15204 0.523732 92.6928 -6.87804 4.96057 -8.59197 -417.208 
0.491144 -0.850686 -0.665356 1.15492 0.524212 92.8263 -6.994 4.91144 -8.50686 -429.854 
0.484292 -0.838818 -0.666451 1.15681 0.524546 92.9145 -7.06997 4.84292 -8.38818 -431.09 
0.475528 -0.823639 -0.667167 1.15805 0.524773 92.9722 -7.11947 4.75528 -8.23639 -426.35 
0.464888 -0.80521 -0.667635 1.15886 0.524926 93.0101 -7.15174 4.64888 -8.0521 -418.085 
0.452414 -0.783603 -0.667942 1.15939 0.525029 93.035 -7.17285 4.52414 -7.83604 -407.377 
0.438153 -0.758904 -0.668144 1.15974 0.525099 93.0514 -7.18674 4.38154 -7.58904 -394.718 
0.422164 -0.73121 -0.668279 1.15997 0.525147 93.0624 -7.19594 4.22164 -7.3121 -380.347 
0.404509 -0.70063 -0.668369 1.16012 0.525179 93.0697 -7.2021 4.04509 -7.0063 -364.404 
0.385257 -0.667284 -0.66843 1.16023 0.525201 93.0747 -7.20626 3.85257 -6.67285 -346.986 
0.364485 -0.631306 -0.668472 1.1603 0.525217 93.0781 -7.20912 3.64485 -6.31306 -328.178 
0.342274 -0.592836 -0.668501 1.16035 0.525228 93.0805 -7.2111 3.42274 -5.92836 -308.061 
0.318712 -0.552026 -0.668522 1.16039 0.525236 93.0822 -7.2125 3.18712 -5.52026 -286.718 
0.293893 -0.509037 -0.668537 1.16041 0.525241 93.0834 -7.21352 2.93893 -5.09038 -264.233 
0.267914 -0.46404 -0.668548 1.16043 0.525245 93.0843 -7.21427 2.67914 -4.64041 -240.697 
0.240877 -0.417211 -0.668556 1.16045 0.525248 93.085 -7.21485 2.40877 -4.17212 -216.203 
0.21289 -0.368736 -0.668563 1.16046 0.52525 93.0855 -7.21532 2.1289 -3.68737 -190.848 
0.184063 -0.318806 -0.668568 1.16047 0.525251 93.0859 -7.2157 1.84063 -3.18806 -164.731 
0.154509 -0.267617 -0.668573 1.16048 0.525252 93.0863 -7.21605 1.54509 -2.67618 -137.956 
0.124345 -0.215372 -0.668578 1.16048 0.525252 93.0866 -7.21637 1.24346 -2.15373 -110.628 
0.093691 -0.162278 -0.668582 1.16049 0.525252 93.087 -7.21668 0.936913 -1.62278 -82.8563 
0.0626669 -0.108542 -0.668586 1.1605 0.525252 93.0873 -7.21701 0.626672 -1.08543 -54.7493 
0.0313956 -0.0543787 -0.668591 1.16051 0.525252 93.0876 -7.21737 0.313959 -0.543793 -26.4183 
3.14159e-07 -5.4414e-07 -0.668596 1.16052 0.525251 93.088 -7.21778 6.28319e-06 -1.08828e-05 2.02495 
-0.0313949 0.0543776 -0.668602 1.16053 0.52525 93.0884 -7.21825 -0.313946 0.543771 30.4681 
-0.0626663 0.108541 -0.668609 1.16054 0.525248 93.0889 -7.21882 -0.62666 1.08541 58.7989 
-0.0936903 0.162276 -0.668618 1.16055 0.525246 93.0896 -7.21952 -0.9369 1.62276 86.9054 
-0.124345 0.215371 -0.668629 1.16057 0.525243 93.0903 -7.2204 -1.24344 2.15371 114.677 
-0.154508 0.267616 -0.668643 1.1606 0.525239 93.0913 -7.22151 -1.54508 2.67616 142.003 
-0.184062 0.318805 -0.668661 1.16063 0.525235 93.0926 -7.22295 -1.84062 3.18804 168.775 
-0.212889 0.368735 -0.668685 1.16067 0.525228 93.0942 -7.22483 -2.12889 3.68735 194.888 
-0.240877 0.41721 -0.668716 1.16072 0.525219 93.0964 -7.22734 -2.40876 4.1721 220.237 
-0.267913 0.464039 -0.668758 1.1608 0.525207 93.0994 -7.23073 -2.67913 4.64039 244.718 
-0.293892 0.509037 -0.668816 1.1609 0.525191 93.1034 -7.23537 -2.93892 5.09036 268.231 
-0.318712 0.552025 -0.668897 1.16103 0.525168 93.109 -7.2418 -3.18712 5.52025 290.673 
-0.342273 0.592835 -0.669009 1.16123 0.525135 93.1168 -7.25083 -3.42273 5.92834 311.933 
-0.364484 0.631305 -0.66917 1.16151 0.525089 93.128 -7.26368 -3.64484 6.31305 331.884 
-0.385256 0.667284 -0.6694 1.1619 0.525023 93.1441 -7.28217 -3.85256 6.67283 350.353 
-0.404508 0.700629 -0.669736 1.16248 0.524927 93.1674 -7.30907 -4.04508 7.00629 367.061 
-0.422164 0.731209 -0.670229 1.16333 0.524786 93.2018 -7.34856 -4.22164 7.31209 381.49 
-0.438153 0.758904 -0.670958 1.16459 0.524578 93.2527 -7.40701 -4.38153 7.58903 392.571 
-0.452413 0.783603 -0.672043 1.16647 0.524274 93.3284 -7.49387 -4.52413 7.83603 398.014 
-0.464888 0.80521 -0.673654 1.16926 0.523833 93.4412 -7.6228 -4.64888 8.0521 392.903 
-0.475528 0.823639 -0.676023 1.17336 0.523223 93.608 -7.81182 -4.75528 8.23639 367.27 
-0.484292 0.838817 -0.679401 1.17922 0.522461 93.848 -8.07966 -4.84291 8.38817 303.895 
-0.491144 0.850686 -0.683913 1.18707 0.521718 94.174 -8.43289 -4.91144 8.50686 183.648 
-0.496057 0.859196 -0.689287 1.19642 0.521344 94.5721 -8.84464 -4.96057 8.59196 9.7269 
-0.499013 0.864316 -0.694747 1.20592 0.521592 94.9881 -9.25154 -4.99013 8.64316 -171.231 
-0.5 0.866025 -0.699446 1.21409 0.522292 95.3547 -9.59256 -5 8.66025 -305.817 
