0.1 0.0001 1 10000000 4.3083e-24 2.33982e-05 
0.1 0.0002 1 10000000 3.2468e-23 8.97771e-05 
0.1 0.0005 1 10000000 4.37195e-22 0.000494719 
0.1 0.001 1 10000000 3.70699e-21 0.00160888 
0.1 0.002 1 10000000 2.21707e-20 0.00437348 
0.1 0.005 1 10000000 -5.7213e-16 0.0105481 
0.1 0.01 1 10000000 2.86788e-14 0.0135338 
0.1 0.02 1 10000000 -2.26656e-07 0.0138174 
0.1 0.05 1 10000000 3.85276e-05 0.0115582 
0.1 0.1 1 10000000 0.000338311 0.00896509 
0.1 0.2 1 10000000 -0.00021516 0.00404116 
0.1 0.5 1 10000000 -8.31537e-05 0.00115617 
0.1 1 1 10000000 3.99313e-05 0.000295596 
0.2 0.0001 1 10000000 4.3114e-24 2.33764e-05 
0.2 0.0002 1 10000000 3.2497e-23 8.96118e-05 
0.2 0.0005 1 10000000 4.35331e-22 0.000492524 
0.2 0.001 1 10000000 2.65081e-21 0.00159552 
0.2 0.002 1 10000000 1.43398e-20 0.00430901 
0.2 0.005 1 10000000 -1.33439e-15 0.0102513 
0.2 0.01 1 10000000 2.1577e-13 0.0130295 
0.2 0.02 1 10000000 2.33663e-07 0.0132712 
0.2 0.05 1 10000000 -2.18957e-05 0.0108789 
0.2 0.1 1 10000000 -0.00121704 0.00832062 
0.2 0.2 1 10000000 0.000217802 0.0037322 
0.2 0.5 1 10000000 -8.72207e-05 0.000989609 
0.2 1 1 10000000 4.38192e-05 0.000249696 
0.5 0.0001 1 10000000 4.31328e-24 2.33113e-05 
0.5 0.0002 1 10000000 3.2397e-23 8.91186e-05 
0.5 0.0005 1 10000000 1.00552e-21 0.000486017 
0.5 0.001 1 10000000 2.57233e-21 0.0015563 
0.5 0.002 1 10000000 5.30372e-20 0.00412306 
0.5 0.005 1 10000000 7.54839e-19 0.00943568 
0.5 0.01 1 10000000 9.77082e-14 0.0117128 
0.5 0.02 1 10000000 -1.04048e-08 0.011877 
0.5 0.05 1 10000000 -0.000695815 0.00917557 
0.5 0.1 1 10000000 -0.00148378 0.00651149 
0.5 0.2 1 10000000 0.000390213 0.00379506 
0.5 0.5 1 10000000 -9.79206e-05 0.000632536 
0.5 1 1 10000000 5.49686e-05 0.000165991 
1 0.0001 1 10000000 4.27159e-24 2.32034e-05 
1 0.0002 1 10000000 3.18893e-23 8.83047e-05 
1 0.0005 1 10000000 4.25646e-22 0.000475426 
1 0.001 1 10000000 2.40476e-21 0.00149375 
1 0.002 1 10000000 1.60173e-19 0.00383672 
1 0.005 1 10000000 2.20291e-19 0.00829141 
1 0.01 1 10000000 -1.10713e-16 0.0100153 
1 0.02 1 10000000 -1.91877e-10 0.0101345 
1 0.05 1 10000000 -0.000383355 0.00701634 
1 0.1 1 10000000 -2.85357e-05 0.0897496 
1 0.2 1 10000000 -0.00188253 0.255314 
1 0.5 1 10000000 0.000468194 0.167889 
1 1 1 10000000 -0.000287173 0.0857182 
2 0.0001 1 10000000 4.20484e-24 2.29894e-05 
2 0.0002 1 10000000 3.11935e-23 8.67066e-05 
2 0.0005 1 10000000 4.05023e-22 0.000455161 
2 0.001 1 10000000 5.63746e-21 0.00137853 
2 0.002 1 10000000 1.04714e-20 0.00334275 
2 0.005 1 10000000 1.18473e-19 0.00660336 
2 0.01 1 10000000 -1.13636e-16 0.00776308 
2 0.02 1 10000000 -6.44438e-12 0.00789777 
2 0.05 1 10000000 0.000525884 0.00437102 
2 0.1 1 10000000 0.000133089 0.254865 
2 0.2 1 10000000 0.000613436 0.420456 
2 0.5 1 10000000 -0.000373833 0.252159 
2 1 1 10000000 -0.00404344 0.0847603 
5 0.0001 1 10000000 4.11985e-24 2.23634e-05 
5 0.0002 1 10000000 2.97311e-23 8.21405e-05 
5 0.0005 1 10000000 9.9971e-22 0.000401026 
5 0.001 1 10000000 2.23011e-21 0.00109945 
5 0.002 1 10000000 7.15769e-21 0.00232567 
5 0.005 1 10000000 2.64356e-19 0.00401165 
5 0.01 1 10000000 -3.18131e-17 0.0046895 
5 0.02 1 10000000 -7.28495e-11 0.005039 
5 0.05 1 10000000 0.00153691 0.00159042 
5 0.1 1 10000000 -0.0027181 0.669754 
5 0.2 1 10000000 -6.69175e-05 1.3393 
5 0.5 1 10000000 -1.22937e-11 1.67386 
5 1 1 10000000 -7.06616e-09 1.67386 
10 0.0001 1 10000000 3.9273e-24 2.13702e-05 
10 0.0002 1 10000000 2.72051e-23 7.52319e-05 
10 0.0005 1 10000000 2.90151e-22 0.000329163 
10 0.001 1 10000000 1.34456e-21 0.000791608 
10 0.002 1 10000000 4.90383e-20 0.00147303 
10 0.005 1 10000000 2.25037e-21 0.00243071 
10 0.01 1 10000000 1.22797e-20 0.00297373 
10 0.02 1 10000000 -5.76445e-11 0.00389534 
10 0.05 1 10000000 0.00403418 0.256679 
10 0.1 1 10000000 3.50551e-13 1.67097 
10 0.2 1 10000000 -2.09571e-12 1.67386 
10 0.5 1 10000000 -2.40356e-11 1.67386 
10 1 1 10000000 4.11119e-11 1.67386 
20 0.0001 1 10000000 3.54844e-24 1.95569e-05 
20 0.0002 1 10000000 2.30016e-23 6.36544e-05 
20 0.0005 1 10000000 2.88809e-22 0.000232945 
20 0.001 1 10000000 8.07084e-22 0.000479896 
20 0.002 1 10000000 2.51513e-21 0.000830794 
20 0.005 1 10000000 -3.1899e-20 0.00143075 
20 0.01 1 10000000 -2.60814e-16 0.00209088 
20 0.02 1 10000000 1.79104e-08 0.00919526 
20 0.05 1 10000000 -6.87223e-12 1.65959 
20 0.1 1 10000000 4.21288e-13 1.67385 
20 0.2 1 10000000 -7.84912e-13 1.67386 
20 0.5 1 10000000 -5.43771e-12 1.67386 
20 1 1 10000000 -1.73775e-10 1.67386 
50 0.0001 1 10000000 7.40648e-24 1.52514e-05 
50 0.0002 1 10000000 1.4794e-23 4.11909e-05 
50 0.0005 1 10000000 9.864e-23 0.000113069 
50 0.001 1 10000000 3.39829e-22 0.000211776 
50 0.002 1 10000000 1.34697e-21 0.000381073 
50 0.005 1 10000000 -4.04794e-18 0.000915291 
50 0.01 1 10000000 -1.04435e-12 0.00459023 
50 0.02 1 10000000 -2.23631e-05 0.407553 
50 0.05 1 10000000 -9.552e-13 1.67386 
50 0.1 1 10000000 -2.84553e-13 1.67386 
50 0.2 1 10000000 1.03612e-13 1.67386 
50 0.5 1 10000000 3.10568e-12 1.67386 
50 1 1 10000000 -3.79996e-12 1.67386 
100 0.0001 1 10000000 1.9144e-24 1.06493e-05 
100 0.0002 1 10000000 3.63881e-24 2.40352e-05 
100 0.0005 1 10000000 4.96498e-23 5.91976e-05 
100 0.001 1 10000000 3.77018e-22 0.000115519 
100 0.002 1 10000000 1.46539e-21 0.00024793 
100 0.005 1 10000000 -6.83564e-16 0.00144524 
100 0.01 1 10000000 -2.47528e-09 0.0930728 
100 0.02 1 10000000 3.06917e-12 1.67328 
100 0.05 1 10000000 1.25759e-12 1.67386 
100 0.1 1 10000000 6.0849e-13 1.67386 
100 0.2 1 10000000 -3.03485e-12 1.67386 
100 0.5 1 10000000 5.13353e-12 1.67386 
100 1 1 10000000 -2.22495e-12 1.67386 
200 0.0001 1 10000000 1.10892e-24 6.18451e-06 
200 0.0002 1 10000000 4.38728e-24 1.25456e-05 
200 0.0005 1 10000000 2.40339e-23 3.19438e-05 
200 0.001 1 10000000 5.65303e-23 7.43711e-05 
200 0.002 1 10000000 -1.15289e-21 0.000272627 
200 0.005 1 10000000 2.94631e-13 0.0198038 
200 0.01 1 10000000 1.68048e-12 1.67144 
200 0.02 1 10000000 1.03205e-12 1.67386 
200 0.05 1 10000000 6.43065e-13 1.67386 
200 0.1 1 10000000 -2.21517e-12 1.67386 
200 0.2 1 10000000 1.32919e-12 1.67386 
200 0.5 1 10000000 1.12469e-12 1.67386 
200 1 1 10000000 -5.12796e-12 1.67386 
500 0.0001 1 10000000 9.94085e-25 2.59515e-06 
500 0.0002 1 10000000 1.68953e-24 5.43757e-06 
500 0.0005 1 10000000 2.91311e-24 1.93312e-05 
500 0.001 1 10000000 -8.52204e-22 0.00010398 
500 0.002 1 10000000 -2.13398e-14 0.00301259 
500 0.005 1 10000000 9.34161e-12 1.67318 
500 0.01 1 10000000 -1.79906e-11 1.67386 
500 0.02 1 10000000 -2.50405e-12 1.67386 
500 0.05 1 10000000 1.88082e-12 1.67386 
500 0.1 1 10000000 -2.81398e-12 1.67386 
500 0.2 1 10000000 -1.95407e-11 1.67386 
500 0.5 1 10000000 -7.97726e-11 1.67386 
500 1 1 10000000 -2.0529e-10 1.67386 
1000 0.0001 1 10000000 2.17769e-25 1.38808e-06 
1000 0.0002 1 10000000 6.25381e-25 3.47064e-06 
1000 0.0005 1 10000000 -1.02069e-22 2.8509e-05 
1000 0.001 1 10000000 2.72554e-15 0.00076641 
1000 0.002 1 10000000 1.06332e-09 0.4917 
1000 0.005 1 10000000 2.45018e-11 1.67386 
1000 0.01 1 10000000 2.01571e-11 1.67386 
1000 0.02 1 10000000 -2.18449e-11 1.67386 
1000 0.05 1 10000000 -6.27437e-11 1.67386 
1000 0.1 1 10000000 -1.25335e-10 1.67386 
1000 0.2 1 10000000 -2.51803e-10 1.67386 
1000 0.5 1 10000000 -9.21319e-10 1.67386 
1000 1 1 10000000 -2.02759e-09 1.67386 
