0.1 0.0001 0.1 10000000 4.31064e-25 2.36556e-06 
0.1 0.0002 0.1 10000000 3.32128e-24 9.18209e-06 
0.1 0.0005 0.1 10000000 4.57392e-23 5.24893e-05 
0.1 0.001 0.1 10000000 3.48027e-22 0.000181518 
0.1 0.002 0.1 10000000 1.05498e-20 0.000549251 
0.1 0.005 0.1 10000000 9.0279e-19 0.00163093 
0.1 0.01 0.1 10000000 -3.55925e-17 0.00246993 
0.1 0.02 0.1 10000000 -1.01019e-09 0.00275072 
0.1 0.05 0.1 10000000 2.30304e-05 0.00275961 
0.1 0.1 0.1 10000000 1.04585e-06 0.000232104 
0.1 0.2 0.1 10000000 7.70877e-07 0.00012201 
0.1 0.5 0.1 10000000 4.05491e-07 4.78257e-05 
0.1 1 0.1 10000000 2.14304e-07 1.52896e-05 
0.2 0.0001 0.1 10000000 4.30611e-25 2.36335e-06 
0.2 0.0002 0.1 10000000 3.31402e-24 9.16502e-06 
0.2 0.0005 0.1 10000000 4.60574e-23 5.22486e-05 
0.2 0.001 0.1 10000000 3.05578e-22 0.000179892 
0.2 0.002 0.1 10000000 8.64938e-21 0.000539855 
0.2 0.005 0.1 10000000 2.2335e-19 0.0015705 
0.2 0.01 0.1 10000000 -1.50123e-16 0.00232664 
0.2 0.02 0.1 10000000 -9.91e-09 0.00254834 
0.2 0.05 0.1 10000000 -4.22156e-05 0.00252938 
0.2 0.1 0.1 10000000 2.17515e-06 0.000335937 
0.2 0.2 0.1 10000000 1.59014e-06 0.000171082 
0.2 0.5 0.1 10000000 8.43285e-07 6.60272e-05 
0.2 1 0.1 10000000 4.4762e-07 2.08483e-05 
0.5 0.0001 0.1 10000000 4.29381e-25 2.35674e-06 
0.5 0.0002 0.1 10000000 3.2965e-24 9.11406e-06 
0.5 0.0005 0.1 10000000 1.3921e-22 5.15355e-05 
0.5 0.001 0.1 10000000 2.97337e-22 0.000175129 
0.5 0.002 0.1 10000000 1.04071e-20 0.000512974 
0.5 0.005 0.1 10000000 5.75263e-20 0.00140799 
0.5 0.01 0.1 10000000 -2.6476e-16 0.00197028 
0.5 0.02 0.1 10000000 -1.07743e-10 0.00208228 
0.5 0.05 0.1 10000000 -4.55284e-05 0.00199257 
0.5 0.1 0.1 10000000 7.00025e-06 0.000508323 
0.5 0.2 0.1 10000000 5.59764e-06 0.000283706 
0.5 0.5 0.1 10000000 3.09324e-06 0.000101183 
0.5 1 0.1 10000000 1.67307e-06 3.01147e-05 
1 0.0001 0.1 10000000 1.20093e-24 2.34578e-06 
1 0.0002 0.1 10000000 3.26464e-24 9.02997e-06 
1 0.0005 0.1 10000000 4.44794e-23 5.03759e-05 
1 0.001 0.1 10000000 2.57576e-21 0.000167567 
1 0.002 0.1 10000000 1.05181e-20 0.000472198 
1 0.005 0.1 10000000 1.22404e-19 0.001189 
1 0.01 0.1 10000000 -9.7654e-17 0.00155164 
1 0.02 0.1 10000000 -8.79893e-10 0.00159158 
1 0.05 0.1 10000000 9.63871e-06 0.001411 
1 0.1 0.1 10000000 6.96731e-05 0.0011862 
1 0.2 0.1 10000000 1.58126e-05 0.000339763 
1 0.5 0.1 10000000 9.39554e-06 9.70941e-05 
1 1 0.1 10000000 5.22255e-06 2.5417e-05 
2 0.0001 0.1 10000000 4.2318e-25 2.32406e-06 
2 0.0002 0.1 10000000 3.20421e-24 8.86489e-06 
2 0.0005 0.1 10000000 1.02086e-22 4.81608e-05 
2 0.001 0.1 10000000 2.61071e-22 0.000153745 
2 0.002 0.1 10000000 3.88438e-21 0.000403522 
2 0.005 0.1 10000000 2.30585e-19 0.000886411 
2 0.01 0.1 10000000 -2.92693e-17 0.00107244 
2 0.02 0.1 10000000 -4.50942e-11 0.00108369 
2 0.05 0.1 10000000 -6.60061e-05 0.000791254 
2 0.1 0.1 10000000 -0.000281168 0.000525889 
2 0.2 0.1 10000000 -0.000426652 0.000274337 
2 0.5 0.1 10000000 2.62113e-05 0.084116 
2 1 0.1 10000000 -0.000672463 9.53467e-05 
5 0.0001 0.1 10000000 4.11162e-25 2.26049e-06 
5 0.0002 0.1 10000000 3.03084e-24 8.39347e-06 
5 0.0005 0.1 10000000 3.72398e-23 4.22681e-05 
5 0.001 0.1 10000000 1.97241e-21 0.00012081 
5 0.002 0.1 10000000 1.56312e-21 0.000268411 
5 0.005 0.1 10000000 9.06442e-21 0.000477666 
5 0.01 0.1 10000000 -2.96717e-17 0.000555088 
5 0.02 0.1 10000000 -2.00852e-12 0.000578451 
5 0.05 0.1 10000000 -0.000104756 0.0002178 
5 0.1 0.1 10000000 -0.000469451 7.70661e-05 
5 0.2 0.1 10000000 -0.00128044 0.251277 
5 0.5 0.1 10000000 -0.00342946 0.251379 
5 1 0.1 10000000 -0.0107459 0.251857 
10 0.0001 0.1 10000000 3.92382e-25 2.15967e-06 
10 0.0002 0.1 10000000 2.76928e-24 7.68082e-06 
10 0.0005 0.1 10000000 3.0266e-23 3.44988e-05 
10 0.001 0.1 10000000 1.4361e-22 8.5343e-05 
10 0.002 0.1 10000000 1.57942e-21 0.000162107 
10 0.005 0.1 10000000 -9.14689e-22 0.000267453 
10 0.01 0.1 10000000 -2.10193e-18 0.000322467 
10 0.02 0.1 10000000 -7.18375e-12 0.00039031 
10 0.05 0.1 10000000 -0.000746365 8.10933e-05 
10 0.1 0.1 10000000 0.00714008 0.167946 
10 0.2 0.1 10000000 -2.71915e-10 1.67376 
10 0.5 0.1 10000000 2.57276e-10 1.67386 
10 1 0.1 10000000 5.53094e-08 1.67386 
20 0.0001 0.1 10000000 3.58122e-25 1.97565e-06 
20 0.0002 0.1 10000000 2.33117e-24 6.48832e-06 
20 0.0005 0.1 10000000 2.11858e-23 2.41931e-05 
20 0.001 0.1 10000000 2.99532e-22 5.04519e-05 
20 0.002 0.1 10000000 2.60077e-22 8.75156e-05 
20 0.005 0.1 10000000 -1.63473e-21 0.000149476 
20 0.01 0.1 10000000 -1.72643e-19 0.000212253 
20 0.02 0.1 10000000 -3.68075e-11 0.000430573 
20 0.05 0.1 10000000 -0.0112147 0.0967181 
20 0.1 0.1 10000000 7.66643e-12 1.67351 
20 0.2 0.1 10000000 -4.70671e-11 1.67386 
20 0.5 0.1 10000000 4.97582e-10 1.67386 
20 1 0.1 10000000 -6.0857e-10 1.67386 
50 0.0001 0.1 10000000 2.77411e-25 1.53903e-06 
50 0.0002 0.1 10000000 1.49708e-24 4.18143e-06 
50 0.0005 0.1 10000000 1.3941e-23 1.15489e-05 
50 0.001 0.1 10000000 -2.5872e-24 2.16313e-05 
50 0.002 0.1 10000000 1.86272e-22 3.88104e-05 
50 0.005 0.1 10000000 -2.38158e-22 9.165e-05 
50 0.01 0.1 10000000 -6.00721e-16 0.000298269 
50 0.02 0.1 10000000 -5.94126e-06 0.0258089 
50 0.05 0.1 10000000 -6.04116e-12 1.67378 
50 0.1 0.1 10000000 -5.24889e-12 1.67386 
50 0.2 0.1 10000000 2.75827e-12 1.67386 
50 0.5 0.1 10000000 -7.07007e-11 1.67386 
50 1 0.1 10000000 1.45497e-10 1.67386 
100 0.0001 0.1 10000000 1.9276e-25 1.07291e-06 
100 0.0002 0.1 10000000 8.64577e-25 2.4281e-06 
100 0.0005 0.1 10000000 3.45527e-24 5.9834e-06 
100 0.001 0.1 10000000 9.04633e-24 1.16593e-05 
100 0.002 0.1 10000000 2.63952e-23 2.48996e-05 
100 0.005 0.1 10000000 1.42917e-18 0.000135201 
100 0.01 0.1 10000000 1.26709e-10 0.00540126 
100 0.02 0.1 10000000 -1.84074e-11 1.66689 
100 0.05 0.1 10000000 -4.28144e-11 1.67386 
100 0.1 0.1 10000000 -1.05247e-11 1.67386 
100 0.2 0.1 10000000 -3.11968e-12 1.67386 
100 0.5 0.1 10000000 5.66324e-12 1.67386 
100 1 0.1 10000000 -3.79373e-10 1.67386 
200 0.0001 0.1 10000000 1.11335e-25 6.21604e-07 
200 0.0002 0.1 10000000 4.40954e-25 1.2614e-06 
200 0.0005 0.1 10000000 2.42082e-24 3.20927e-06 
200 0.001 0.1 10000000 5.71633e-24 7.45328e-06 
200 0.002 0.1 10000000 -2.4564e-22 2.71342e-05 
200 0.005 0.1 10000000 6.24705e-13 0.00141705 
200 0.01 0.1 10000000 -5.49352e-10 1.6417 
200 0.02 0.1 10000000 -1.88859e-11 1.67386 
200 0.05 0.1 10000000 1.0279e-11 1.67386 
200 0.1 0.1 10000000 -1.76873e-11 1.67386 
200 0.2 0.1 10000000 -6.82721e-11 1.67386 
200 0.5 0.1 10000000 -4.98098e-10 1.67386 
200 1 0.1 10000000 -1.87146e-09 1.67386 
500 0.0001 0.1 10000000 4.5263e-26 2.60073e-07 
500 0.0002 0.1 10000000 1.69539e-25 5.44772e-07 
500 0.0005 0.1 10000000 3.15512e-25 1.9336e-06 
500 0.001 0.1 10000000 -6.62987e-23 1.03643e-05 
500 0.002 0.1 10000000 -2.87053e-14 0.000254038 
500 0.005 0.1 10000000 -4.45517e-10 1.66669 
500 0.01 0.1 10000000 4.03556e-11 1.67386 
500 0.02 0.1 10000000 -6.65307e-11 1.67386 
500 0.05 0.1 10000000 -4.46864e-10 1.67386 
500 0.1 0.1 10000000 -8.46673e-10 1.67386 
500 0.2 0.1 10000000 -2.32361e-09 1.67386 
500 0.5 0.1 10000000 -8.77693e-09 1.67386 
500 1 0.1 10000000 -2.16196e-08 1.67386 
1000 0.0001 0.1 10000000 2.18428e-26 1.38937e-07 
1000 0.0002 0.1 10000000 6.2997e-26 3.47216e-07 
1000 0.0005 0.1 10000000 -8.9029e-24 2.84636e-06 
1000 0.001 0.1 10000000 1.26396e-17 7.0846e-05 
1000 0.002 0.1 10000000 -1.68502e-11 0.0484265 
1000 0.005 0.1 10000000 -1.97349e-10 1.67386 
1000 0.01 0.1 10000000 -5.59549e-10 1.67386 
1000 0.02 0.1 10000000 -1.72523e-09 1.67386 
1000 0.05 0.1 10000000 -6.03356e-09 1.67386 
1000 0.1 0.1 10000000 -8.61073e-09 1.67386 
1000 0.2 0.1 10000000 -1.35388e-08 1.67386 
1000 0.5 0.1 10000000 -2.01418e-08 1.67386 
1000 1 0.1 10000000 -2.87887e-08 1.67386 
