0.1 0.0001 0.01 10000000 4.31043e-26 2.36806e-07 
0.1 0.0002 0.01 10000000 9.34505e-25 9.20151e-07 
0.1 0.0005 0.01 10000000 8.13054e-24 5.27665e-06 
0.1 0.001 0.01 10000000 8.70645e-23 1.8342e-05 
0.1 0.002 0.01 10000000 1.73563e-22 5.6042e-05 
0.1 0.005 0.01 10000000 3.74727e-20 0.000170453 
0.1 0.01 0.01 10000000 -3.29931e-18 0.000264966 
0.1 0.02 0.01 10000000 -4.60703e-09 0.0003014 
0.1 0.05 0.01 10000000 2.86426e-06 0.000306325 
0.1 0.1 0.01 10000000 2.56845e-08 1.13291e-05 
0.1 0.2 0.01 10000000 1.92853e-08 6.17025e-06 
0.1 0.5 0.01 10000000 1.01317e-08 2.43041e-06 
0.1 1 0.01 10000000 5.3508e-09 7.79973e-07 
0.2 0.0001 0.01 10000000 4.30627e-26 2.36585e-07 
0.2 0.0002 0.01 10000000 3.3157e-25 9.18439e-07 
0.2 0.0005 0.01 10000000 1.30041e-23 5.25241e-06 
0.2 0.001 0.01 10000000 3.97781e-23 1.81769e-05 
0.2 0.002 0.01 10000000 3.5661e-21 5.50751e-05 
0.2 0.005 0.01 10000000 7.72473e-20 0.000164003 
0.2 0.01 0.01 10000000 -1.48073e-17 0.000248958 
0.2 0.02 0.01 10000000 -2.07964e-09 0.000277645 
0.2 0.05 0.01 10000000 7.90859e-07 0.000278954 
0.2 0.1 0.01 10000000 8.70096e-08 1.93841e-05 
0.2 0.2 0.01 10000000 6.84917e-08 1.14524e-05 
0.2 0.5 0.01 10000000 3.62357e-08 4.4698e-06 
0.2 1 0.01 10000000 1.92044e-08 1.42391e-06 
0.5 0.0001 0.01 10000000 4.29382e-26 2.35923e-07 
0.5 0.0002 0.01 10000000 3.20909e-25 9.13328e-07 
0.5 0.0005 0.01 10000000 4.55943e-24 5.18058e-06 
0.5 0.001 0.01 10000000 3.58432e-22 1.76937e-05 
0.5 0.002 0.01 10000000 1.61892e-22 5.23099e-05 
0.5 0.005 0.01 10000000 1.91965e-19 0.000146684 
0.5 0.01 0.01 10000000 -3.31711e-17 0.000209325 
0.5 0.02 0.01 10000000 -9.89739e-10 0.000223658 
0.5 0.05 0.01 10000000 -2.82725e-06 0.000217088 
0.5 0.1 0.01 10000000 5.18355e-07 5.00538e-05 
0.5 0.2 0.01 10000000 3.86858e-07 2.46412e-05 
0.5 0.5 0.01 10000000 2.13111e-07 9.05249e-06 
0.5 1 0.01 10000000 1.15024e-07 2.7527e-06 
1 0.0001 0.01 10000000 4.27322e-26 2.34825e-07 
1 0.0002 0.01 10000000 3.2659e-25 9.04895e-07 
1 0.0005 0.01 10000000 2.06382e-23 5.06378e-06 
1 0.001 0.01 10000000 1.03003e-22 1.69267e-05 
1 0.002 0.01 10000000 9.96039e-22 4.81174e-05 
1 0.005 0.01 10000000 1.94295e-20 0.000123409 
1 0.01 0.01 10000000 -9.86403e-18 0.000163189 
1 0.02 0.01 10000000 -1.71652e-10 0.000168145 
1 0.05 0.01 10000000 -4.54568e-06 0.000152171 
1 0.1 0.01 10000000 1.02314e-05 0.000130656 
1 0.2 0.01 10000000 1.35854e-06 3.38264e-05 
1 0.5 0.01 10000000 8.08069e-07 1.01955e-05 
1 1 0.01 10000000 4.48398e-07 2.73753e-06 
2 0.0001 0.01 10000000 4.08398e-26 2.3265e-07 
2 0.0002 0.01 10000000 3.20515e-25 8.8834e-07 
2 0.0005 0.01 10000000 1.19725e-23 4.84069e-06 
2 0.001 0.01 10000000 2.61628e-23 1.55249e-05 
2 0.002 0.01 10000000 8.61543e-22 4.1063e-05 
2 0.005 0.01 10000000 5.54948e-20 9.14042e-05 
2 0.01 0.01 10000000 -1.60809e-19 0.000111196 
2 0.02 0.01 10000000 -9.0736e-12 0.000112398 
2 0.05 0.01 10000000 -2.84762e-06 8.39482e-05 
2 0.1 0.01 10000000 9.97531e-07 5.65191e-05 
2 0.2 0.01 10000000 -4.01759e-05 3.13312e-05 
2 0.5 0.01 10000000 -0.00101867 6.8439e-05 
2 1 0.01 10000000 -4.97981e-05 1.02116e-05 
5 0.0001 0.01 10000000 4.11319e-26 2.26285e-07 
5 0.0002 0.01 10000000 3.03181e-25 8.41065e-07 
5 0.0005 0.01 10000000 6.46054e-24 4.24729e-06 
5 0.001 0.01 10000000 1.58952e-22 1.21867e-05 
5 0.002 0.01 10000000 2.93754e-22 2.72153e-05 
5 0.005 0.01 10000000 2.15674e-21 4.8641e-05 
5 0.01 0.01 10000000 -2.06319e-18 5.65135e-05 
5 0.02 0.01 10000000 -7.64144e-14 5.87669e-05 
5 0.05 0.01 10000000 -1.42994e-05 2.27504e-05 
5 0.1 0.01 10000000 -4.60029e-05 8.07742e-06 
5 0.2 0.01 10000000 -0.000409236 2.99007e-05 
5 0.5 0.01 10000000 -2.12358e-05 0.167399 
5 1 0.01 10000000 -0.0010984 0.083772 
10 0.0001 0.01 10000000 3.92455e-26 2.16188e-07 
10 0.0002 0.01 10000000 2.77044e-25 7.69602e-07 
10 0.0005 0.01 10000000 3.03842e-24 3.46514e-06 
10 0.001 0.01 10000000 2.06738e-23 8.59585e-06 
10 0.002 0.01 10000000 2.51944e-22 1.63653e-05 
10 0.005 0.01 10000000 -1.49024e-21 2.70081e-05 
10 0.01 0.01 10000000 -1.50194e-18 3.2523e-05 
10 0.02 0.01 10000000 -2.20848e-16 3.91823e-05 
10 0.05 0.01 10000000 -6.02764e-05 8.39357e-06 
10 0.1 0.01 10000000 0.00209644 0.0838342 
10 0.2 0.01 10000000 -0.00680342 0.836908 
10 0.5 0.01 10000000 -4.10702e-08 1.67386 
10 1 0.01 10000000 -4.57119e-06 1.67386 
20 0.0001 0.01 10000000 5.75174e-26 1.97761e-07 
20 0.0002 0.01 10000000 2.33482e-25 6.50029e-07 
20 0.0005 0.01 10000000 2.12282e-24 2.42817e-06 
20 0.001 0.01 10000000 1.51381e-23 5.07004e-06 
20 0.002 0.01 10000000 7.05164e-23 8.79715e-06 
20 0.005 0.01 10000000 9.81864e-23 1.50143e-05 
20 0.01 0.01 10000000 -1.01519e-17 2.12691e-05 
20 0.02 0.01 10000000 -5.50636e-11 4.26431e-05 
20 0.05 0.01 10000000 0.00205387 0.000156366 
20 0.1 0.01 10000000 -1.28134e-06 1.66908 
20 0.2 0.01 10000000 6.07747e-11 1.67386 
20 0.5 0.01 10000000 1.07475e-09 1.67386 
20 1 0.01 10000000 1.32215e-08 1.67386 
50 0.0001 0.01 10000000 2.77643e-26 1.5404e-07 
50 0.0002 0.01 10000000 4.42432e-25 4.18761e-07 
50 0.0005 0.01 10000000 1.00121e-24 1.15732e-06 
50 0.001 0.01 10000000 3.41987e-24 2.1677e-06 
50 0.002 0.01 10000000 9.97998e-24 3.88815e-06 
50 0.005 0.01 10000000 -7.5979e-24 9.16717e-06 
50 0.01 0.01 10000000 -1.14515e-20 2.95903e-05 
50 0.02 0.01 10000000 1.2261e-06 0.000860492 
50 0.05 0.01 10000000 -2.84975e-10 1.67294 
50 0.1 0.01 10000000 3.40044e-10 1.67386 
50 0.2 0.01 10000000 8.44659e-10 1.67386 
50 0.5 0.01 10000000 -1.15116e-09 1.67386 
50 1 0.01 10000000 -1.90804e-08 1.67386 
100 0.0001 0.01 10000000 1.92828e-26 1.0737e-07 
100 0.0002 0.01 10000000 1.01547e-25 2.43055e-07 
100 0.0005 0.01 10000000 4.80966e-25 5.98978e-07 
100 0.001 0.01 10000000 1.67079e-24 1.16701e-06 
100 0.002 0.01 10000000 1.40294e-23 2.49104e-06 
100 0.005 0.01 10000000 -5.12769e-22 1.34917e-05 
100 0.01 0.01 10000000 4.94091e-11 0.00027894 
100 0.02 0.01 10000000 0.000464469 0.48939 
100 0.05 0.01 10000000 -1.19301e-10 1.67386 
100 0.1 0.01 10000000 3.30034e-11 1.67386 
100 0.2 0.01 10000000 -7.96869e-10 1.67386 
100 0.5 0.01 10000000 -6.88932e-09 1.67386 
100 1 0.01 10000000 -6.89205e-08 1.67386 
200 0.0001 0.01 10000000 1.11379e-26 6.21918e-08 
200 0.0002 0.01 10000000 4.41206e-26 1.26208e-07 
200 0.0005 0.01 10000000 2.42262e-25 3.21076e-07 
200 0.001 0.01 10000000 5.73167e-25 7.4549e-07 
200 0.002 0.01 10000000 -1.5768e-23 2.7122e-06 
200 0.005 0.01 10000000 -6.22485e-13 9.7021e-05 
200 0.01 0.01 10000000 -2.76208e-08 0.117819 
200 0.02 0.01 10000000 -4.27961e-10 1.67386 
200 0.05 0.01 10000000 -1.45826e-09 1.67386 
200 0.1 0.01 10000000 -3.06613e-09 1.67386 
200 0.2 0.01 10000000 -9.6492e-09 1.67386 
200 0.5 0.01 10000000 -5.89307e-08 1.67386 
200 1 0.01 10000000 -2.66511e-07 1.67386 
500 0.0001 0.01 10000000 4.52755e-27 2.60129e-08 
500 0.0002 0.01 10000000 1.69616e-26 5.44873e-08 
500 0.0005 0.01 10000000 5.20856e-25 1.93365e-07 
500 0.001 0.01 10000000 2.0353e-23 1.0361e-06 
500 0.002 0.01 10000000 7.34716e-22 2.35528e-05 
500 0.005 0.01 10000000 2.21416e-08 0.44299 
500 0.01 0.01 10000000 -8.04763e-10 1.67386 
500 0.02 0.01 10000000 -9.60673e-09 1.67386 
500 0.05 0.01 10000000 -3.28833e-08 1.67386 
500 0.1 0.01 10000000 -5.99666e-08 1.67386 
500 0.2 0.01 10000000 -9.24554e-08 1.67386 
500 0.5 0.01 10000000 -1.62494e-07 1.67386 
500 1 0.01 10000000 -2.8221e-07 1.67386 
1000 0.0001 0.01 10000000 2.1849e-27 1.3895e-08 
1000 0.0002 0.01 10000000 6.30461e-27 3.47231e-08 
1000 0.0005 0.01 10000000 -8.87532e-25 2.8459e-07 
1000 0.001 0.01 10000000 -8.59816e-22 7.03489e-06 
1000 0.002 0.01 10000000 5.24572e-12 0.00447062 
1000 0.005 0.01 10000000 -6.48441e-09 1.67386 
1000 0.01 0.01 10000000 -4.76514e-08 1.67386 
1000 0.02 0.01 10000000 -6.5993e-08 1.67386 
1000 0.05 0.01 10000000 -9.59703e-08 1.67386 
1000 0.1 0.01 10000000 -1.10897e-07 1.67386 
1000 0.2 0.01 10000000 -1.21274e-07 1.67386 
1000 0.5 0.01 10000000 -1.53636e-07 1.67386 
1000 1 0.01 10000000 -2.21074e-07 1.67386 
