0.1 0.01 0.001 999999 -3.12693e-19 2.66873e-05 0 
0.1 0.01 0.002 999999 -8.48612e-18 5.33322e-05 0 
0.1 0.01 0.005 999999 -7.43157e-18 0.000133012 0 
0.1 0.01 0.01 999999 -4.47011e-18 0.000264969 0 
0.1 0.01 0.02 999999 -4.26609e-17 0.000525754 0 
0.1 0.01 0.05 999999 -1.04236e-17 0.00128374 0 
0.1 0.01 0.1 999999 -2.33546e-17 0.00246996 0 
0.1 0.01 0.2 999999 -2.95324e-16 0.00458086 0 
0.1 0.01 0.5 999999 -1.85054e-15 0.0092555 0 
0.1 0.01 1 999999 -5.79435e-14 0.0135341 0 
0.1 0.01 2 999999 -2.09024e-14 0.0168261 0 
0.1 0.01 5 999999 1.32227e-13 0.0195961 0 
0.1 0.01 10 999999 -1.29773e-11 0.0246786 0 
0.2 0.01 0.001 999999 -1.12441e-17 2.50684e-05 0 
0.2 0.01 0.002 999999 -1.65855e-17 5.00983e-05 0 
0.2 0.01 0.005 999999 -4.49958e-18 0.000124958 0 
0.2 0.01 0.01 999999 -7.01579e-18 0.000248961 0 
0.2 0.01 0.02 999999 -5.25667e-17 0.000494136 0 
0.2 0.01 0.05 999999 -1.64258e-17 0.00120758 0 
0.2 0.01 0.1 999999 -8.82845e-19 0.00232667 0 
0.2 0.01 0.2 999999 -2.02388e-18 0.00432674 0 
0.2 0.01 0.5 999999 -2.06443e-17 0.00880916 0 
0.2 0.01 1 999999 -1.74461e-14 0.0130298 0 
0.2 0.01 2 999999 -1.12757e-13 0.0164441 0 
0.2 0.01 5 999999 -3.01863e-14 0.019428 0 
0.2 0.01 10 999999 -1.29819e-11 0.024649 0 
0.5 0.01 0.001 999999 -1.21809e-19 2.10621e-05 0 
0.5 0.01 0.002 999999 -3.10899e-19 4.20953e-05 0 
0.5 0.01 0.005 999999 -1.13366e-18 0.000105022 0 
0.5 0.01 0.01 999999 -9.57257e-19 0.000209328 0 
0.5 0.01 0.02 999999 -4.77639e-17 0.00041581 0 
0.5 0.01 0.05 999999 -2.85423e-18 0.00101862 0 
0.5 0.01 0.1 999999 -4.55448e-16 0.00197031 0 
0.5 0.01 0.2 999999 -3.66979e-18 0.00369182 0 
0.5 0.01 0.5 999999 -1.54395e-15 0.00767767 0 
0.5 0.01 1 999999 -6.04478e-15 0.011713 0 
0.5 0.01 2 999999 7.75981e-15 0.015394 0 
0.5 0.01 5 999999 -9.11022e-14 0.0189418 0 
0.5 0.01 10 999999 -1.30558e-11 0.0245678 0 
1 0.01 0.001 999999 -1.07703e-18 1.64029e-05 0 
1 0.01 0.002 999999 -1.32581e-18 3.27871e-05 0 
1 0.01 0.005 999999 -1.90158e-17 8.1828e-05 0 
1 0.01 0.01 999999 -9.57726e-18 0.000163192 0 
1 0.01 0.02 999999 -2.86396e-17 0.000324538 0 
1 0.01 0.05 999999 -9.65321e-18 0.000797742 0 
1 0.01 0.1 999999 -2.10085e-16 0.00155166 0 
1 0.01 0.2 999999 -8.53892e-17 0.00293873 0 
1 0.01 0.5 999999 -3.77363e-16 0.00629566 0 
1 0.01 1 999999 -3.23935e-18 0.0100155 0 
1 0.01 2 999999 8.35074e-14 0.013912 0 
1 0.01 5 999999 1.17917e-13 0.0181891 0 
1 0.01 10 999999 -1.31289e-11 0.024457 0 
2 0.01 0.001 999999 -5.53474e-19 1.11606e-05 0 
2 0.01 0.002 999999 -1.12604e-19 2.2312e-05 0 
2 0.01 0.005 999999 -1.0192e-17 5.57121e-05 0 
2 0.01 0.01 999999 -1.28438e-18 0.000111198 0 
2 0.01 0.02 999999 -1.19038e-18 0.000221496 0 
2 0.01 0.05 999999 -5.56854e-17 0.00054707 0 
2 0.01 0.1 999999 -2.56768e-16 0.00107246 0 
2 0.01 0.2 999999 -9.92989e-17 0.00206214 0 
2 0.01 0.5 999999 -2.24452e-16 0.00460552 0 
2 0.01 1 999999 -2.50811e-16 0.00776329 0 
2 0.01 2 999999 -7.26837e-14 0.0116733 0 
2 0.01 5 999999 -1.9568e-13 0.0168755 0 
2 0.01 10 999999 -1.29542e-11 0.0243294 0 
5 0.01 0.001 999999 -1.32067e-19 5.66172e-06 0 
5 0.01 0.002 999999 -1.80753e-19 1.13212e-05 0 
5 0.01 0.005 999999 -1.06206e-18 2.82859e-05 0 
5 0.01 0.01 999999 -1.21814e-18 5.65152e-05 0 
5 0.01 0.02 999999 -2.4994e-18 0.000112804 0 
5 0.01 0.05 999999 -1.20425e-18 0.000280326 0 
5 0.01 0.1 999999 -9.0127e-18 0.000555104 0 
5 0.01 0.2 999999 -1.70419e-16 0.00108854 0 
5 0.01 0.5 999999 1.49977e-20 0.00256872 0 
5 0.01 1 999999 -2.19743e-16 0.00468963 0 
5 0.01 2 999999 1.00573e-18 0.00796749 0 
5 0.01 5 999999 2.68339e-12 0.0140967 0 
5 0.01 10 999999 -1.28778e-11 0.024733 0 
10 0.01 0.001 999999 -3.3244e-19 3.25512e-06 0 
10 0.01 0.002 999999 -3.18165e-20 6.50961e-06 0 
10 0.01 0.005 999999 -1.56294e-18 1.62694e-05 0 
10 0.01 0.01 999999 -4.45688e-19 3.25233e-05 0 
10 0.01 0.02 999999 -1.57023e-17 6.49847e-05 0 
10 0.01 0.05 999999 -1.20878e-17 0.000161999 0 
10 0.01 0.1 999999 -3.07094e-19 0.00032247 0 
10 0.01 0.2 999999 -2.0669e-17 0.000638908 0 
10 0.01 0.5 999999 -3.09174e-16 0.00155375 0 
10 0.01 1 999999 -1.85532e-15 0.00297373 0 
10 0.01 2 999999 -1.92683e-16 0.0054941 0 
10 0.01 5 999999 4.80959e-16 0.0118367 0 
10 0.01 10 999999 -9.82951e-12 0.0284594 0 
20 0.01 0.001 999999 -1.25717e-23 2.12703e-06 0 
20 0.01 0.002 999999 -1.80148e-20 4.25396e-06 0 
20 0.01 0.005 999999 -2.12407e-20 1.06341e-05 0 
20 0.01 0.01 999999 -1.94406e-20 2.12658e-05 0 
20 0.01 0.02 999999 -1.26899e-17 4.25216e-05 0 
20 0.01 0.05 999999 -1.07273e-17 0.00010623 0 
20 0.01 0.1 999999 -1.35776e-16 0.000212219 0 
20 0.01 0.2 999999 -7.24398e-16 0.000423509 0 
20 0.01 0.5 999999 -1.68032e-16 0.0010526 0 
20 0.01 1 999999 -2.50227e-20 0.00209048 0 
20 0.01 2 999999 -2.78413e-15 0.00417694 0 
20 0.01 5 999999 9.06532e-15 0.0123085 0 
20 0.01 10 999999 1.43255e-14 0.0518448 0 
50 0.01 0.001 999999 -6.19324e-21 2.95297e-06 0 
50 0.01 0.002 999999 -1.04523e-21 5.90616e-06 0 
50 0.01 0.005 999999 -1.23853e-20 1.47671e-05 0 
50 0.01 0.01 999999 -2.22886e-20 2.95405e-05 0 
50 0.01 0.02 999999 -4.03321e-17 5.91102e-05 0 
50 0.01 0.05 999999 -2.36225e-16 0.00014808 0 
50 0.01 0.1 999999 -3.53367e-16 0.000297759 0 
50 0.01 0.2 999999 -9.69752e-17 0.000606487 0 
50 0.01 0.5 999999 -4.51537e-14 0.00169875 0 
50 0.01 1 999999 -1.02492e-13 0.00457768 0 
50 0.01 2 999999 1.33446e-13 0.0145696 0 
50 0.01 5 999999 -8.349e-13 0.0719682 0 
50 0.01 10 999999 -1.68212e-12 0.18714 0 
100 0.01 0.001 999999 -4.12142e-18 2.00489e-05 0 
100 0.01 0.002 999999 -1.67068e-11 4.08298e-05 0 
100 0.01 0.005 999999 1.23026e-11 0.000113379 0 
100 0.01 0.01 999999 -1.38769e-10 0.00027596 0 
100 0.01 0.02 999999 -1.84865e-12 0.000691485 0 
100 0.01 0.05 999999 -8.19569e-11 0.00224093 0 
100 0.01 0.1 999999 2.05525e-11 0.00536268 0 
100 0.01 0.2 999999 -4.3175e-11 0.0128589 0 
100 0.01 0.5 999999 4.80197e-12 0.0417814 0 
100 0.01 1 999999 -1.42557e-10 0.0930476 0 
100 0.01 2 999999 -2.29054e-10 0.194422 0 
100 0.01 5 999999 1.13709e-10 0.616796 0 
100 0.01 10 999999 -1.30686e-13 1.6521 0 
200 0.01 0.001 999999 6.39826e-09 0.010179 0 
200 0.01 0.002 999999 6.87245e-09 0.0222369 0 
200 0.01 0.005 999999 2.10518e-09 0.0614666 0 
200 0.01 0.01 999999 -2.33698e-08 0.117647 0 
200 0.01 0.02 999999 1.51656e-07 0.248497 0 
200 0.01 0.05 999999 -3.36118e-08 0.630601 0 
200 0.01 0.1 999999 -1.31106e-11 1.64159 0 
200 0.01 0.2 999999 2.59924e-11 1.66043 0 
200 0.01 0.5 999999 2.87074e-12 1.66879 0 
200 0.01 1 999999 3.59707e-13 1.67144 0 
200 0.01 2 999999 4.13248e-13 1.67274 0 
200 0.01 5 999999 -4.38455e-14 1.6735 0 
200 0.01 10 999999 1.7065e-14 1.67373 0 
500 0.01 0.001 999999 1.25268e-09 1.67386 0 
500 0.01 0.002 999999 -1.64372e-10 1.67386 0 
500 0.01 0.005 999999 -4.3624e-10 1.67386 0 
500 0.01 0.01 999999 4.52541e-10 1.67386 0 
500 0.01 0.02 999999 -7.93049e-11 1.67386 0 
500 0.01 0.05 999999 -6.20758e-11 1.67386 0 
500 0.01 0.1 999999 3.01807e-11 1.67386 0 
500 0.01 0.2 999999 -6.34792e-12 1.67386 0 
500 0.01 0.5 999999 -6.83145e-12 1.67386 0 
500 0.01 1 999999 -3.80245e-12 1.67386 0 
500 0.01 2 999999 -8.78363e-13 1.67386 0 
500 0.01 5 999999 8.84712e-13 1.67386 0 
500 0.01 10 999999 1.95731e-13 1.67386 0 
1000 0.01 0.001 999999 -3.23072e-08 1.67386 0 
1000 0.01 0.002 999999 -8.15377e-09 1.67386 0 
1000 0.01 0.005 999999 -6.40664e-09 1.67386 0 
1000 0.01 0.01 999999 -4.55674e-10 1.67386 0 
1000 0.01 0.02 999999 -2.69545e-10 1.67386 0 
1000 0.01 0.05 999999 -1.29233e-10 1.67386 0 
1000 0.01 0.1 999999 1.16256e-11 1.67386 0 
1000 0.01 0.2 999999 7.3894e-11 1.67386 0 
1000 0.01 0.5 999999 -1.12583e-11 1.67386 0 
1000 0.01 1 999999 2.5586e-12 1.67386 0 
1000 0.01 2 999999 7.42003e-13 1.67386 0 
1000 0.01 5 999999 4.23028e-13 1.67386 0 
1000 0.01 10 999999 2.8497e-13 1.67386 0 
