0.1 0.0001 0.0001 999999 4.31198e-28 2.36846e-09 
0.1 0.0002 0.0001 999999 3.32315e-27 9.20389e-09 
0.1 0.0005 0.0001 999999 4.99704e-26 5.27973e-08 
0.1 0.001 0.0001 999999 3.09851e-25 1.83627e-07 
0.1 0.002 0.0001 999999 1.73896e-24 5.6164e-07 
0.1 0.005 0.0001 999999 2.75279e-21 1.71279e-06 
0.1 0.01 0.0001 999999 -1.0364e-21 2.67065e-06 
0.1 0.02 0.0001 999999 -5.3594e-11 3.04602e-06 
0.1 0.05 0.0001 999999 1.94779e-08 3.10117e-06 
0.1 0.1 0.0001 999999 2.1009e-10 1.07157e-07 
0.1 0.2 0.0001 999999 1.52855e-10 5.49955e-08 
0.1 0.5 0.0001 999999 8.02834e-11 2.16806e-08 
0.1 1 0.0001 999999 4.23891e-11 6.96329e-09 
0.2 0.0001 0.0001 999999 4.30783e-28 2.36625e-09 
0.2 0.0002 0.0001 999999 3.31686e-27 9.18676e-09 
0.2 0.0005 0.0001 999999 4.62563e-26 5.25547e-08 
0.2 0.001 0.0001 999999 3.39206e-25 1.81974e-07 
0.2 0.002 0.0001 999999 1.13492e-23 5.51942e-07 
0.2 0.005 0.0001 999999 1.86809e-23 1.64784e-06 
0.2 0.01 0.0001 999999 -1.35263e-20 2.50857e-06 
0.2 0.02 0.0001 999999 -1.06946e-11 2.804e-06 
0.2 0.05 0.0001 999999 3.23833e-08 2.81933e-06 
0.2 0.1 0.0001 999999 7.44422e-10 1.69264e-07 
0.2 0.2 0.0001 999999 6.08288e-10 1.08156e-07 
0.2 0.5 0.0001 999999 3.21689e-10 4.22771e-08 
0.2 1 0.0001 999999 1.70431e-10 1.34859e-08 
0.5 0.0001 0.0001 999999 1.20829e-27 2.35963e-09 
0.5 0.0002 0.0001 999999 3.29807e-27 9.13564e-09 
0.5 0.0005 0.0001 999999 1.05153e-25 5.18358e-08 
0.5 0.001 0.0001 999999 2.98814e-25 1.77135e-07 
0.5 0.002 0.0001 999999 2.39978e-23 5.24207e-07 
0.5 0.005 0.0001 999999 1.73868e-22 1.47345e-06 
0.5 0.01 0.0001 999999 -1.46078e-19 2.10751e-06 
0.5 0.02 0.0001 999999 -2.18656e-11 2.25491e-06 
0.5 0.05 0.0001 999999 1.86524e-08 2.18851e-06 
0.5 0.1 0.0001 999999 4.5578e-09 4.15237e-07 
0.5 0.2 0.0001 999999 3.69662e-09 2.42028e-07 
0.5 0.5 0.0001 999999 2.03532e-09 8.92273e-08 
0.5 1 0.0001 999999 1.09809e-09 2.72064e-08 
1 0.0001 0.0001 999999 4.27479e-28 2.34865e-09 
1 0.0002 0.0001 999999 3.26708e-27 9.05127e-09 
1 0.0005 0.0001 999999 1.22496e-25 5.06669e-08 
1 0.001 0.0001 999999 2.85758e-25 1.69453e-07 
1 0.002 0.0001 999999 6.85496e-24 4.82159e-07 
1 0.005 0.0001 999999 2.19671e-21 1.23916e-06 
1 0.01 0.0001 999999 -7.71364e-20 1.64113e-06 
1 0.02 0.0001 999999 -9.43244e-13 1.69194e-06 
1 0.05 0.0001 999999 -4.5631e-08 1.533e-06 
1 0.1 0.0001 999999 5.80598e-08 1.23777e-06 
1 0.2 0.0001 999999 1.33429e-08 3.37905e-07 
1 0.5 0.0001 999999 7.93626e-09 1.02471e-07 
1 1 0.0001 999999 4.4025e-09 2.76054e-08 
2 0.0001 0.0001 999999 4.23397e-28 2.32689e-09 
2 0.0002 0.0001 999999 3.20627e-27 8.88566e-09 
2 0.0005 0.0001 999999 4.2596e-26 4.84343e-08 
2 0.001 0.0001 999999 1.21114e-24 1.55413e-07 
2 0.002 0.0001 999999 1.27075e-24 4.11412e-07 
2 0.005 0.0001 999999 2.95569e-22 9.17149e-07 
2 0.01 0.0001 999999 -1.67738e-19 1.11647e-06 
2 0.02 0.0001 999999 -7.65638e-15 1.12861e-06 
2 0.05 0.0001 999999 -7.21799e-08 8.46284e-07 
2 0.1 0.0001 999999 -2.28627e-07 5.77671e-07 
2 0.2 0.0001 999999 -3.62516e-07 3.16006e-07 
2 0.5 0.0001 999999 -8.28479e-06 5.78931e-07 
2 1 0.0001 999999 -5.50535e-07 1.07181e-07 
5 0.0001 0.0001 999999 4.11467e-28 2.26322e-09 
5 0.0002 0.0001 999999 3.03285e-27 8.41273e-09 
5 0.0005 0.0001 999999 3.73285e-26 4.24957e-08 
5 0.001 0.0001 999999 2.05188e-25 1.21983e-07 
5 0.002 0.0001 999999 8.38418e-25 2.72568e-07 
5 0.005 0.0001 999999 3.64164e-23 4.87393e-07 
5 0.01 0.0001 999999 -1.40126e-20 5.66274e-07 
5 0.02 0.0001 999999 -2.89961e-16 5.88734e-07 
5 0.05 0.0001 999999 -1.39945e-07 2.28281e-07 
5 0.1 0.0001 999999 -4.4299e-07 7.90921e-08 
5 0.2 0.0001 999999 -2.09616e-05 1.47599e-06 
5 0.5 0.0001 999999 2.43577e-06 0.0836934 
5 1 0.0001 999999 -0.000770845 5.45813e-05 
10 0.0001 0.0001 999999 3.92591e-28 2.16222e-09 
10 0.0002 0.0001 999999 2.77133e-27 7.69785e-09 
10 0.0005 0.0001 999999 3.04e-26 3.46685e-08 
10 0.001 0.0001 999999 1.86783e-25 8.60269e-08 
10 0.002 0.0001 999999 3.97872e-24 1.63825e-07 
10 0.005 0.0001 999999 1.48315e-24 2.70377e-07 
10 0.01 0.0001 999999 -6.98734e-20 3.25539e-07 
10 0.02 0.0001 999999 -9.53404e-16 3.91997e-07 
10 0.05 0.0001 999999 -7.84011e-07 8.34201e-08 
10 0.1 0.0001 999999 -0.000158198 5.43616e-06 
10 0.2 0.0001 999999 -0.00106269 4.01929e-05 
10 0.5 0.0001 999999 -7.72855e-05 1.67386 
10 1 0.0001 999999 0.00896591 1.67379 
20 0.0001 0.0001 999999 3.58295e-28 1.9779e-09 
20 0.0002 0.0001 999999 2.3355e-27 6.50171e-09 
20 0.0005 0.0001 999999 2.12373e-26 2.42916e-08 
20 0.001 0.0001 999999 2.41173e-25 5.07283e-08 
20 0.002 0.0001 999999 1.63885e-25 8.80228e-08 
20 0.005 0.0001 999999 -4.76992e-24 1.50213e-07 
20 0.01 0.0001 999999 -6.1855e-21 2.12707e-07 
20 0.02 0.0001 999999 -8.4513e-15 4.26011e-07 
20 0.05 0.0001 999999 -5.05165e-05 3.11929e-06 
20 0.1 0.0001 999999 0.00616481 0.418407 
20 0.2 0.0001 999999 6.77973e-08 1.67386 
20 0.5 0.0001 999999 -1.05337e-07 1.67386 
20 1 0.0001 999999 -4.97932e-05 1.67386 
50 0.0001 0.0001 999999 2.77715e-28 1.54059e-09 
50 0.0002 0.0001 999999 1.49837e-27 4.18832e-09 
50 0.0005 0.0001 999999 1.10082e-26 1.15759e-08 
50 0.001 0.0001 999999 3.66987e-26 2.16821e-08 
50 0.002 0.0001 999999 3.50776e-25 3.8887e-08 
50 0.005 0.0001 999999 -4.00545e-24 9.16262e-08 
50 0.01 0.0001 999999 -2.47394e-17 2.95288e-07 
50 0.02 0.0001 999999 -2.94618e-09 3.66718e-06 
50 0.05 0.0001 999999 -0.00347173 0.40122 
50 0.1 0.0001 999999 7.60636e-09 1.67386 
50 0.2 0.0001 999999 -5.30648e-08 1.67386 
50 0.5 0.0001 999999 -3.84104e-07 1.67386 
50 1 0.0001 999999 -9.45924e-06 1.67386 
100 0.0001 0.0001 999999 1.28116e-28 1.0738e-09 
100 0.0002 0.0001 999999 8.65348e-28 2.43084e-09 
100 0.0005 0.0001 999999 5.03063e-27 5.99049e-09 
100 0.001 0.0001 999999 1.67105e-26 1.16705e-08 
100 0.002 0.0001 999999 -1.91562e-24 2.49014e-08 
100 0.005 0.0001 999999 -5.094e-24 1.3455e-07 
100 0.01 0.0001 999999 -2.95248e-15 1.99253e-06 
100 0.02 0.0001 999999 -0.00106193 0.00365486 
100 0.05 0.0001 999999 -2.03634e-09 1.67386 
100 0.1 0.0001 999999 -2.02882e-08 1.67386 
100 0.2 0.0001 999999 -1.07561e-07 1.67386 
100 0.5 0.0001 999999 -1.39457e-06 1.67386 
100 1 0.0001 999999 -1.03171e-05 1.67386 
200 0.0001 0.0001 999999 1.1139e-28 6.21957e-10 
200 0.0002 0.0001 999999 4.41254e-28 1.26217e-09 
200 0.0005 0.0001 999999 2.42279e-27 3.21067e-09 
200 0.001 0.0001 999999 5.72998e-27 7.45172e-09 
200 0.002 0.0001 999999 1.2538e-24 2.70667e-08 
200 0.005 0.0001 999999 -9.53066e-15 9.05772e-07 
200 0.01 0.0001 999999 -2.36047e-07 0.000775079 
200 0.02 0.0001 999999 -1.68876e-09 1.67374 
200 0.05 0.0001 999999 -1.06979e-07 1.67386 
200 0.1 0.0001 999999 -3.06168e-07 1.67386 
200 0.2 0.0001 999999 -5.76763e-07 1.67386 
200 0.5 0.0001 999999 -1.91203e-06 1.67386 
200 1 0.0001 999999 -5.46814e-06 1.67386 
500 0.0001 0.0001 999999 4.52786e-29 2.60135e-10 
500 0.0002 0.0001 999999 1.69614e-28 5.44835e-10 
500 0.0005 0.0001 999999 -4.80976e-28 1.93213e-09 
500 0.001 0.0001 999999 -4.44818e-26 1.03248e-08 
500 0.002 0.0001 999999 1.55143e-22 2.31888e-07 
500 0.005 0.0001 999999 -8.9532e-11 0.00371319 
500 0.01 0.0001 999999 -4.59894e-08 1.67386 
500 0.02 0.0001 999999 -2.06322e-07 1.67386 
500 0.05 0.0001 999999 -4.86285e-07 1.67386 
500 0.1 0.0001 999999 -5.4663e-07 1.67386 
500 0.2 0.0001 999999 -8.80593e-07 1.67386 
500 0.5 0.0001 999999 -1.2593e-06 1.67386 
500 1 0.0001 999999 -2.12624e-06 1.67386 
1000 0.0001 0.0001 999999 2.18458e-29 1.38938e-10 
1000 0.0002 0.0001 999999 6.30023e-29 3.47064e-10 
1000 0.0005 0.0001 999999 -1.42234e-25 2.83565e-09 
1000 0.001 0.0001 999999 -1.03422e-20 6.93114e-08 
1000 0.002 0.0001 999999 2.3188e-10 3.80206e-05 
1000 0.005 0.0001 999999 -3.68654e-07 1.67386 
1000 0.01 0.0001 999999 -3.66418e-07 1.67386 
1000 0.02 0.0001 999999 -4.88003e-07 1.67386 
1000 0.05 0.0001 999999 -6.09893e-07 1.67386 
1000 0.1 0.0001 999999 -5.61686e-07 1.67386 
1000 0.2 0.0001 999999 -7.56321e-07 1.67386 
1000 0.5 0.0001 999999 -8.45513e-07 1.67386 
1000 1 0.0001 999999 -1.10173e-06 1.67386 
