0.1 1e-06 0.01 999999 1.1319e-32 1.2253e-11 
0.1 2e-06 0.01 999999 9.03915e-32 4.88726e-11 
0.1 5e-06 0.01 999999 1.40289e-30 3.04785e-10 
0.1 1e-05 0.01 999999 1.11808e-29 1.21728e-09 
0.1 2e-05 0.01 999999 8.91108e-29 4.85819e-09 
0.1 5e-05 0.01 999999 1.38126e-27 3.01789e-08 
0.1 0.0001 0.01 999999 1.09155e-26 1.1952e-07 
0.1 0.0002 0.01 999999 2.39808e-25 4.68722e-07 
0.1 0.0005 0.01 999999 1.24019e-24 2.76206e-06 
0.1 0.001 0.01 999999 1.79179e-23 1.00292e-05 
0.1 0.002 0.01 999999 5.59932e-23 3.32193e-05 
0.1 0.005 0.01 999999 6.08912e-21 0.000122518 
0.1 0.01 0.01 999999 5.52063e-19 0.000229792 
0.1 0.02 0.01 999999 -1.63655e-14 0.000294502 
0.1 0.05 0.01 999999 2.86266e-06 0.000306091 
0.1 0.1 0.01 999999 2.0487e-08 1.13868e-05 
0.2 1e-06 0.01 999999 1.13756e-32 1.22529e-11 
0.2 2e-06 0.01 999999 8.94664e-32 4.88716e-11 
0.2 5e-06 0.01 999999 1.40305e-30 3.04771e-10 
0.2 1e-05 0.01 999999 1.11788e-29 1.21717e-09 
0.2 2e-05 0.01 999999 8.90869e-29 4.85728e-09 
0.2 5e-05 0.01 999999 1.38053e-27 3.01648e-08 
0.2 0.0001 0.01 999999 1.09046e-26 1.19409e-07 
0.2 0.0002 0.01 999999 8.50817e-26 4.6785e-07 
0.2 0.0005 0.01 999999 1.23431e-24 2.74937e-06 
0.2 0.001 0.01 999999 3.41955e-23 9.93891e-06 
0.2 0.002 0.01 999999 1.85506e-22 3.26462e-05 
0.2 0.005 0.01 999999 9.58931e-21 0.000117882 
0.2 0.01 0.01 999999 1.86709e-20 0.000215909 
0.2 0.02 0.01 999999 -1.65202e-14 0.000271291 
0.2 0.05 0.01 999999 -3.53067e-06 0.000279549 
0.2 0.1 0.01 999999 6.58449e-08 1.8318e-05 
0.5 1e-06 0.01 999999 1.14946e-32 1.22526e-11 
0.5 2e-06 0.01 999999 9.08399e-32 4.88689e-11 
0.5 5e-06 0.01 999999 1.40267e-30 3.04728e-10 
0.5 1e-05 0.01 999999 1.11743e-29 1.21683e-09 
0.5 2e-05 0.01 999999 8.90306e-29 4.85455e-09 
0.5 5e-05 0.01 999999 1.37834e-27 3.01224e-08 
0.5 0.0001 0.01 999999 1.08721e-26 1.19075e-07 
0.5 0.0002 0.01 999999 2.37943e-25 4.65246e-07 
0.5 0.0005 0.01 999999 1.21716e-24 2.71177e-06 
0.5 0.001 0.01 999999 3.47221e-23 9.6747e-06 
0.5 0.002 0.01 999999 5.21981e-23 3.1007e-05 
0.5 0.005 0.01 999999 2.29976e-20 0.000105434 
0.5 0.01 0.01 999999 2.19579e-18 0.000181537 
0.5 0.02 0.01 999999 -2.95697e-15 0.00021854 
0.5 0.05 0.01 999999 -4.28162e-06 0.000217685 
0.5 0.1 0.01 999999 3.75995e-07 4.4135e-05 
1 1e-06 0.01 999999 1.14502e-32 1.2252e-11 
1 2e-06 0.01 999999 9.03802e-32 4.88643e-11 
1 5e-06 0.01 999999 1.40159e-30 3.04656e-10 
1 1e-05 0.01 999999 1.11657e-29 1.21626e-09 
1 2e-05 0.01 999999 8.89234e-29 4.85e-09 
1 5e-05 0.01 999999 1.37477e-27 3.00521e-08 
1 0.0001 0.01 999999 1.08183e-26 1.1852e-07 
1 0.0002 0.01 999999 8.37827e-26 4.6095e-07 
1 0.0005 0.01 999999 1.18919e-24 2.65063e-06 
1 0.001 0.01 999999 1.33198e-23 9.25528e-06 
1 0.002 0.01 999999 4.8506e-23 2.8522e-05 
1 0.005 0.01 999999 5.7822e-21 8.8704e-05 
1 0.01 0.01 999999 1.73014e-19 0.000141526 
1 0.02 0.01 999999 -1.84266e-15 0.000164298 
1 0.05 0.01 999999 2.68114e-07 0.000154162 
1 0.1 0.01 999999 7.68946e-06 0.000130717 
2 1e-06 0.01 999999 1.1465e-32 1.22508e-11 
2 2e-06 0.01 999999 9.04131e-32 4.88551e-11 
2 5e-06 0.01 999999 1.40065e-30 3.04513e-10 
2 1e-05 0.01 999999 1.11501e-29 1.21512e-09 
2 2e-05 0.01 999999 8.87067e-29 4.84092e-09 
2 5e-05 0.01 999999 1.3676e-27 2.9912e-08 
2 0.0001 0.01 999999 1.07118e-26 1.17423e-07 
2 0.0002 0.01 999999 8.21978e-26 4.52517e-07 
2 0.0005 0.01 999999 1.13588e-24 2.53385e-06 
2 0.001 0.01 999999 7.44574e-24 8.48879e-06 
2 0.002 0.01 999999 4.08411e-23 2.43404e-05 
2 0.005 0.01 999999 2.55401e-21 6.56999e-05 
2 0.01 0.01 999999 1.22246e-19 9.64352e-05 
2 0.02 0.01 999999 -7.30138e-18 0.000109827 
2 0.05 0.01 999999 -2.8959e-07 0.000100975 
2 0.1 0.01 999999 -2.41047e-05 5.72742e-05 
5 1e-06 0.01 999999 1.14445e-32 1.22474e-11 
5 2e-06 0.01 999999 9.0265e-32 4.88275e-11 
5 5e-06 0.01 999999 1.39618e-30 3.04085e-10 
5 1e-05 0.01 999999 1.11007e-29 1.2117e-09 
5 2e-05 0.01 999999 8.80758e-29 4.81382e-09 
5 5e-05 0.01 999999 1.34646e-27 2.9497e-08 
5 0.0001 0.01 999999 1.04015e-26 1.1421e-07 
5 0.0002 0.01 999999 7.76849e-26 4.28435e-07 
5 0.0005 0.01 999999 9.94333e-25 2.22324e-06 
5 0.001 0.01 999999 1.63591e-23 6.6635e-06 
5 0.002 0.01 999999 3.61029e-23 1.61321e-05 
5 0.005 0.01 999999 1.22872e-21 3.49626e-05 
5 0.01 0.01 999999 2.0427e-22 4.90121e-05 
5 0.02 0.01 999999 -2.14687e-17 5.74231e-05 
5 0.05 0.01 999999 -4.59701e-10 6.50265e-05 
5 0.1 0.01 999999 -3.90166e-05 7.5937e-06 
10 1e-06 0.01 999999 1.14047e-32 1.22416e-11 
10 2e-06 0.01 999999 8.99626e-32 4.87816e-11 
10 5e-06 0.01 999999 1.38926e-30 3.03372e-10 
10 1e-05 0.01 999999 1.10219e-29 1.20605e-09 
10 2e-05 0.01 999999 8.70344e-29 4.7691e-09 
10 5e-05 0.01 999999 1.31229e-27 2.88223e-08 
10 0.0001 0.01 999999 9.91172e-27 1.09113e-07 
10 0.0002 0.01 999999 7.08967e-26 3.92031e-07 
10 0.0005 0.01 999999 8.08644e-25 1.81382e-06 
10 0.001 0.01 999999 4.94785e-24 4.7001e-06 
10 0.002 0.01 999999 1.59758e-23 9.70069e-06 
10 0.005 0.01 999999 1.78368e-22 1.94132e-05 
10 0.01 0.01 999999 -3.04388e-21 2.8206e-05 
10 0.02 0.01 999999 -5.52173e-22 3.82855e-05 
10 0.05 0.01 999999 -1.26394e-07 9.30387e-05 
10 0.1 0.01 999999 0.00115193 0.0839821 
20 1e-06 0.01 999999 1.13361e-32 1.223e-11 
20 2e-06 0.01 999999 8.93403e-32 4.86899e-11 
20 5e-06 0.01 999999 1.3759e-30 3.01954e-10 
20 1e-05 0.01 999999 1.08617e-29 1.19483e-09 
20 2e-05 0.01 999999 8.50087e-29 4.68132e-09 
20 5e-05 0.01 999999 1.24762e-27 2.7534e-08 
20 0.0001 0.01 999999 9.02572e-27 9.98124e-08 
20 0.0002 0.01 999999 5.96262e-26 3.3112e-07 
20 0.0005 0.01 999999 5.63787e-25 1.27102e-06 
20 0.001 0.01 999999 2.38494e-24 2.77224e-06 
20 0.002 0.01 999999 1.76195e-23 5.21462e-06 
20 0.005 0.01 999999 -1.79702e-22 1.07922e-05 
20 0.01 0.01 999999 -6.56359e-22 1.84453e-05 
20 0.02 0.01 999999 -5.32613e-17 4.16599e-05 
20 0.05 0.01 999999 0.00140898 0.0714278 
20 0.1 0.01 999999 -1.69113e-09 0.832146 
50 1e-06 0.01 999999 1.11333e-32 1.21954e-11 
50 2e-06 0.01 999999 8.74636e-32 4.84162e-11 
50 5e-06 0.01 999999 1.33652e-30 2.97753e-10 
50 1e-05 0.01 999999 1.04101e-29 1.16203e-09 
50 2e-05 0.01 999999 7.93398e-29 4.43069e-09 
50 5e-05 0.01 999999 1.07946e-27 2.41105e-08 
50 0.0001 0.01 999999 6.96358e-27 7.77449e-08 
50 0.0002 0.01 999999 6.38352e-26 2.13312e-07 
50 0.0005 0.01 999999 2.64527e-25 6.05794e-07 
50 0.001 0.01 999999 9.7082e-25 1.18528e-06 
50 0.002 0.01 999999 8.07952e-24 2.30475e-06 
50 0.005 0.01 999999 -5.147e-24 6.58872e-06 
50 0.01 0.01 999999 -2.07106e-20 2.56501e-05 
50 0.02 0.01 999999 5.62489e-12 0.000691042 
50 0.05 0.01 999999 -8.07036e-12 0.836004 
50 0.1 0.01 999999 1.60884e-11 0.836931 
100 1e-06 0.01 999999 1.08038e-32 1.2138e-11 
100 2e-06 0.01 999999 8.44641e-32 4.79645e-11 
100 5e-06 0.01 999999 1.27388e-30 2.90923e-10 
100 1e-05 0.01 999999 9.71773e-30 1.10999e-09 
100 2e-05 0.01 999999 7.10991e-29 4.05195e-09 
100 5e-05 0.01 999999 8.66311e-28 1.96066e-08 
100 0.0001 0.01 999999 4.8218e-27 5.41898e-08 
100 0.0002 0.01 999999 2.19759e-26 1.23809e-07 
100 0.0005 0.01 999999 1.31457e-25 3.13535e-07 
100 0.001 0.01 999999 4.54686e-25 6.3811e-07 
100 0.002 0.01 999999 8.54893e-25 1.47653e-06 
100 0.005 0.01 999999 -1.92122e-22 9.6927e-06 
100 0.01 0.01 999999 1.91001e-15 0.00020761 
100 0.02 0.01 999999 -2.78216e-08 0.264417 
100 0.05 0.01 999999 2.37753e-12 0.836931 
100 0.1 0.01 999999 4.57291e-12 0.836931 
200 1e-06 0.01 999999 1.01718e-32 1.20244e-11 
200 2e-06 0.01 999999 7.87743e-32 4.70781e-11 
200 5e-06 0.01 999999 1.16037e-30 2.77884e-10 
200 1e-05 0.01 999999 8.52851e-30 1.01505e-09 
200 2e-05 0.01 999999 5.82319e-29 3.41864e-09 
200 5e-05 0.01 999999 5.98177e-28 1.36569e-08 
200 0.0001 0.01 999999 2.78465e-27 3.1388e-08 
200 0.0002 0.01 999999 1.11287e-26 6.42891e-08 
200 0.0005 0.01 999999 6.16047e-26 1.68067e-07 
200 0.001 0.01 999999 1.36951e-25 4.07608e-07 
200 0.002 0.01 999999 -5.16804e-24 1.60718e-06 
200 0.005 0.01 999999 2.467e-16 6.69379e-05 
200 0.01 0.01 999999 -1.59332e-11 0.0647761 
200 0.02 0.01 999999 -4.29342e-11 0.83693 
200 0.05 0.01 999999 2.38225e-13 0.836931 
200 0.1 0.01 999999 -5.74813e-11 0.836931 
500 1e-06 0.01 999999 8.35461e-33 1.16918e-11 
500 2e-06 0.01 999999 6.35629e-32 4.45478e-11 
500 5e-06 0.01 999999 8.95258e-31 2.43243e-10 
500 1e-05 0.01 999999 6.11409e-30 7.89905e-10 
500 2e-05 0.01 999999 3.64516e-29 2.19574e-09 
500 5e-05 0.01 999999 2.83411e-28 6.42902e-09 
500 0.0001 0.01 999999 1.12141e-27 1.31287e-08 
500 0.0002 0.01 999999 4.13834e-27 2.77552e-08 
500 0.0005 0.01 999999 3.39256e-27 1.01207e-07 
500 0.001 0.01 999999 -2.01702e-24 5.66221e-07 
500 0.002 0.01 999999 -1.60899e-21 1.3907e-05 
500 0.005 0.01 999999 8.6838e-10 0.231112 
500 0.01 0.01 999999 -1.37554e-10 0.836931 
500 0.02 0.01 999999 -7.26682e-11 0.836931 
500 0.05 0.01 999999 -1.02291e-10 0.836931 
500 0.1 0.01 999999 -2.61032e-10 0.836931 
1000 1e-06 0.01 999999 5.73245e-33 1.11647e-11 
1000 2e-06 0.01 999999 4.40497e-32 4.0726e-11 
1000 5e-06 0.01 999999 6.27979e-31 1.97697e-10 
1000 1e-05 0.01 999999 4.13446e-30 5.49845e-10 
1000 2e-05 0.01 999999 2.17599e-29 1.26968e-09 
1000 5e-05 0.01 999999 1.41279e-28 3.30112e-09 
1000 0.0001 0.01 999999 5.25732e-28 7.01279e-09 
1000 0.0002 0.01 999999 1.32217e-27 1.76867e-08 
1000 0.0005 0.01 999999 -2.6139e-25 1.48887e-07 
1000 0.001 0.01 999999 -1.6787e-21 3.83652e-06 
1000 0.002 0.01 999999 1.4648e-14 0.00227577 
1000 0.005 0.01 999999 6.39218e-11 0.836931 
1000 0.01 0.01 999999 -2.16187e-10 0.836931 
1000 0.02 0.01 999999 -1.39722e-09 0.836931 
1000 0.05 0.01 999999 -2.68247e-09 0.836931 
1000 0.1 0.01 999999 -4.08159e-09 0.836931 
2000 1e-06 0.01 999999 1.71577e-33 1.02036e-11 
2000 2e-06 0.01 999999 2.04096e-32 3.43405e-11 
2000 5e-06 0.01 999999 4.09442e-31 1.37585e-10 
2000 1e-05 0.01 999999 2.59249e-30 3.17867e-10 
2000 2e-05 0.01 999999 1.14189e-29 6.56895e-10 
2000 5e-05 0.01 999999 6.62454e-29 1.76254e-09 
2000 0.0001 0.01 999999 1.69107e-28 4.46747e-09 
2000 0.0002 0.01 999999 -5.67949e-27 1.92409e-08 
2000 0.0005 0.01 999999 -3.13785e-23 1.00876e-06 
2000 0.001 0.01 999999 1.63585e-13 0.000569008 
2000 0.002 0.01 999999 2.08475e-09 0.836818 
2000 0.005 0.01 999999 -7.96712e-10 0.836931 
2000 0.01 0.01 999999 -3.58738e-09 0.836931 
2000 0.02 0.01 999999 -5.294e-09 0.836931 
2000 0.05 0.01 999999 -9.82921e-09 0.836931 
2000 0.1 0.01 999999 -8.86478e-09 0.836931 
5000 1e-06 0.01 999999 -3.75676e-33 7.92897e-12 
5000 2e-06 0.01 999999 5.4827e-33 2.20306e-11 
5000 5e-06 0.01 999999 2.56457e-31 6.46761e-11 
5000 1e-05 0.01 999999 1.13598e-30 1.32656e-10 
5000 2e-05 0.01 999999 4.25932e-30 2.82908e-10 
5000 5e-05 0.01 999999 4.77919e-30 1.0598e-09 
5000 0.0001 0.01 999999 -2.15323e-27 6.20414e-09 
5000 0.0002 0.01 999999 -2.48065e-24 1.66418e-07 
5000 0.0005 0.01 999999 -4.064e-12 0.00205191 
5000 0.001 0.01 999999 -7.86721e-09 0.83693 
5000 0.002 0.01 999999 -9.07245e-09 0.836931 
5000 0.005 0.01 999999 -1.04091e-08 0.836931 
5000 0.01 0.01 999999 -1.94275e-08 0.836931 
5000 0.02 0.01 999999 -1.10891e-08 0.836931 
5000 0.05 0.01 999999 -1.2911e-08 0.836931 
5000 0.1 0.01 999999 -1.00449e-08 0.836931 
10000 1e-06 0.01 999999 -3.63514e-33 5.51119e-12 
10000 2e-06 0.01 999999 1.22778e-32 1.27291e-11 
10000 5e-06 0.01 999999 1.41771e-31 3.31824e-11 
10000 1e-05 0.01 999999 5.33123e-31 7.07998e-11 
10000 2e-05 0.01 999999 1.37663e-30 1.80186e-10 
10000 5e-05 0.01 999999 -2.70152e-28 1.55905e-09 
10000 0.0001 0.01 999999 -2.8846e-25 4.20337e-08 
10000 0.0002 0.01 999999 9.69812e-16 2.28997e-05 
10000 0.0005 0.01 999999 -1.46189e-07 0.836925 
10000 0.001 0.01 999999 -3.68439e-08 0.836931 
10000 0.002 0.01 999999 -1.98784e-08 0.836931 
10000 0.005 0.01 999999 -2.32812e-08 0.836931 
10000 0.01 0.01 999999 -1.50691e-08 0.836931 
10000 0.02 0.01 999999 -2.13881e-08 0.836931 
10000 0.05 0.01 999999 -1.96246e-08 0.836931 
10000 0.1 0.01 999999 -9.40864e-09 0.836931 
20000 1e-06 0.01 999999 2.07745e-34 3.18271e-12 
20000 2e-06 0.01 999999 1.10028e-32 6.58282e-12 
20000 5e-06 0.01 999999 6.65829e-32 1.77163e-11 
20000 1e-05 0.01 999999 1.71823e-31 4.50977e-11 
20000 2e-05 0.01 999999 -5.73907e-30 1.96025e-10 
20000 5e-05 0.01 999999 -3.78943e-26 1.0563e-08 
20000 0.0001 0.01 999999 -3.56764e-16 5.7313e-06 
20000 0.0002 0.01 999999 -5.70392e-06 0.825406 
20000 0.0005 0.01 999999 -4.72772e-07 0.836931 
20000 0.001 0.01 999999 -1.54064e-07 0.836931 
20000 0.002 0.01 999999 -5.07026e-08 0.836931 
20000 0.005 0.01 999999 -2.05099e-08 0.836931 
20000 0.01 0.01 999999 -2.4038e-08 0.836931 
20000 0.02 0.01 999999 -2.271e-08 0.836931 
20000 0.05 0.01 999999 -1.58152e-08 0.836931 
20000 0.1 0.01 999999 -2.20768e-08 0.836931 
50000 1e-06 0.01 999999 1.1044e-33 1.31916e-12 
50000 2e-06 0.01 999999 4.30123e-33 2.88266e-12 
50000 5e-06 0.01 999999 4.14202e-33 1.06697e-11 
50000 1e-05 0.01 999999 -2.18407e-30 6.27822e-11 
50000 2e-05 0.01 999999 -2.4046e-27 1.69767e-09 
50000 5e-05 0.01 999999 -4.1928e-14 2.03321e-05 
50000 0.0001 0.01 999999 -3.27062e-05 0.836778 
50000 0.0002 0.01 999999 -1.41503e-05 0.836931 
50000 0.0005 0.01 999999 -2.53684e-06 0.836931 
50000 0.001 0.01 999999 -8.61511e-07 0.836931 
50000 0.002 0.01 999999 -2.11024e-07 0.836931 
50000 0.005 0.01 999999 -1.22964e-08 0.836931 
50000 0.01 0.01 999999 -5.94595e-08 0.836931 
50000 0.02 0.01 999999 -2.50894e-08 0.836931 
50000 0.05 0.01 999999 -1.35855e-08 0.836931 
50000 0.1 0.01 999999 -1.69674e-08 0.836931 
100000 1e-06 0.01 999999 5.24166e-34 7.37455e-13 
100000 2e-06 0.01 999999 1.20867e-33 1.82626e-12 
100000 5e-06 0.01 999999 -2.73502e-31 1.56615e-11 
100000 1e-05 0.01 999999 -3.03828e-28 4.27785e-10 
100000 2e-05 0.01 999999 7.73582e-18 2.3072e-07 
100000 5e-05 0.01 999999 0.00310713 0.588637 
100000 0.0001 0.01 999999 1.42369e-06 0.836931 
100000 0.0002 0.01 999999 -3.24852e-05 0.836931 
100000 0.0005 0.01 999999 -9.732e-06 0.836931 
100000 0.001 0.01 999999 -2.50951e-06 0.836931 
100000 0.002 0.01 999999 -7.99469e-07 0.836931 
100000 0.005 0.01 999999 -4.49824e-07 0.836931 
100000 0.01 0.01 999999 -1.54443e-08 0.836931 
100000 0.02 0.01 999999 -4.22206e-08 0.836931 
100000 0.05 0.01 999999 -2.01086e-08 0.836931 
100000 0.1 0.01 999999 5.73897e-09 0.836931 
