0.1 0.1 0.001 999999 2.0465e-09 9.87197e-07 0 
0.1 0.1 0.002 999999 3.98049e-09 1.79847e-06 0 
0.1 0.1 0.005 999999 1.14235e-08 5.32091e-06 0 
0.1 0.1 0.01 999999 2.40774e-08 9.95992e-06 0 
0.1 0.1 0.02 999999 6.01171e-08 2.26478e-05 0 
0.1 0.1 0.05 999999 2.58818e-07 7.63494e-05 0 
0.1 0.1 0.1 999999 1.02882e-06 0.000225021 0 
0.1 0.1 0.2 999999 5.03039e-06 0.000688943 0 
0.1 0.1 0.5 999999 0.000562631 0.00825433 0 
0.1 0.1 1 999999 0.000315576 0.00896381 0 
0.1 0.1 2 999999 -0.000930494 0.258817 0 
0.1 0.1 5 999999 -5.3817e-14 1.67178 0 
0.1 0.1 10 999999 -1.72329e-14 1.67386 0 
0.2 0.1 0.001 999999 7.9409e-09 1.89973e-06 0 
0.2 0.1 0.002 999999 2.30552e-08 7.09518e-06 0 
0.2 0.1 0.005 999999 5.41285e-08 1.54938e-05 0 
0.2 0.1 0.01 999999 8.70337e-08 1.93962e-05 0 
0.2 0.1 0.02 999999 1.87378e-07 3.77774e-05 0 
0.2 0.1 0.05 999999 6.5907e-07 0.000118115 0 
0.2 0.1 0.1 999999 2.08817e-06 0.000310806 0 
0.2 0.1 0.2 999999 8.09969e-06 0.000854676 0 
0.2 0.1 0.5 999999 0.000429927 0.00743113 0 
0.2 0.1 1 999999 -0.000717256 0.00829935 0 
0.2 0.1 2 999999 -0.00115973 0.339745 0 
0.2 0.1 5 999999 -1.82731e-13 1.67186 0 
0.2 0.1 10 999999 -1.12906e-14 1.67386 0 
0.5 0.1 0.001 999999 4.52124e-08 4.05144e-06 0 
0.5 0.1 0.002 999999 9.30286e-08 8.54328e-06 0 
0.5 0.1 0.005 999999 2.34243e-07 2.11867e-05 0 
0.5 0.1 0.01 999999 4.92462e-07 4.528e-05 0 
0.5 0.1 0.02 999999 9.775e-07 8.26016e-05 0 
0.5 0.1 0.05 999999 9.35568e-06 0.000667077 0 
0.5 0.1 0.1 999999 7.00952e-06 0.000509743 0 
0.5 0.1 0.2 999999 2.64933e-05 0.00171785 0 
0.5 0.1 0.5 999999 -0.000717501 0.00585329 0 
0.5 0.1 1 999999 -0.00281653 0.00654354 0 
0.5 0.1 2 999999 -0.00100611 0.425151 0 
0.5 0.1 5 999999 -1.36027e-13 1.67209 0 
0.5 0.1 10 999999 1.0955e-14 1.67386 0 
1 0.1 0.001 999999 7.02974e-07 1.27364e-05 0 
1 0.1 0.002 999999 2.00552e-06 2.6321e-05 0 
1 0.1 0.005 999999 3.70218e-06 6.38556e-05 0 
1 0.1 0.01 999999 9.75002e-06 0.000130606 0 
1 0.1 0.02 999999 1.85359e-05 0.000257212 0 
1 0.1 0.05 999999 4.76382e-05 0.000626032 0 
1 0.1 0.1 999999 -4.05949e-05 0.00118899 0 
1 0.1 0.2 999999 -0.000268038 0.00214354 0 
1 0.1 0.5 999999 6.26758e-05 0.00383222 0 
1 0.1 1 999999 0.000240348 0.0897382 0 
1 0.1 2 999999 -0.000730119 0.505324 0 
1 0.1 5 999999 -1.00059e-13 1.67241 0 
1 0.1 10 999999 -7.57309e-15 1.67386 0 
2 0.1 0.001 999999 -2.45186e-06 5.78296e-06 0 
2 0.1 0.002 999999 -3.34005e-06 1.14665e-05 0 
2 0.1 0.005 999999 -1.16195e-05 2.89336e-05 0 
2 0.1 0.01 999999 -2.60279e-05 5.75817e-05 0 
2 0.1 0.02 999999 -5.27306e-05 0.000113788 0 
2 0.1 0.05 999999 -0.000129909 0.000276807 0 
2 0.1 0.1 999999 -0.000273573 0.000524792 0 
2 0.1 0.2 999999 -0.000468819 0.000941366 0 
2 0.1 0.5 999999 -0.000287227 0.00171119 0 
2 0.1 1 999999 -0.00140103 0.169463 0 
2 0.1 2 999999 -0.00325212 0.590715 0 
2 0.1 5 999999 -4.92747e-14 1.67291 0 
2 0.1 10 999999 -4.54026e-14 1.67386 0 
5 0.1 0.001 999999 -6.1905e-06 9.43166e-07 0 
5 0.1 0.002 999999 -1.00966e-05 1.43508e-06 0 
5 0.1 0.005 999999 -3.29638e-05 4.84059e-06 0 
5 0.1 0.01 999999 -0.000151717 1.26666e-05 0 
5 0.1 0.02 999999 -0.000149058 2.03152e-05 0 
5 0.1 0.05 999999 -0.000425018 5.32625e-05 0 
5 0.1 0.1 999999 -0.000539905 8.44633e-05 0 
5 0.1 0.2 999999 0.000409979 0.0841657 0 
5 0.1 0.5 999999 -0.00067215 0.252344 0 
5 0.1 1 999999 0.00106769 0.669972 0 
5 0.1 2 999999 0.0013099 1.66541 0 
5 0.1 5 999999 -1.74907e-14 1.67362 0 
5 0.1 10 999999 -1.24542e-14 1.67386 0 
10 0.1 0.001 999999 -0.00183848 6.91424e-05 0 
10 0.1 0.002 999999 0.00642775 0.0833996 0 
10 0.1 0.005 999999 -0.00197417 4.08052e-05 0 
10 0.1 0.01 999999 0.00173105 4.61337e-05 0 
10 0.1 0.02 999999 -0.00013908 0.0843676 0 
10 0.1 0.05 999999 0.00071765 0.167337 0 
10 0.1 0.1 999999 -0.00308064 0.254999 0 
10 0.1 0.2 999999 -0.0089362 0.596463 0 
10 0.1 0.5 999999 0.00199072 1.3392 0 
10 0.1 1 999999 4.62606e-12 1.67097 0 
10 0.1 2 999999 4.74145e-14 1.67323 0 
10 0.1 5 999999 -5.84658e-15 1.67385 0 
10 0.1 10 999999 8.91897e-15 1.67386 0 
20 0.1 0.001 999999 0.000348329 0.792296 0 
20 0.1 0.002 999999 -0.00884536 1.00417 0 
20 0.1 0.005 999999 -0.00348175 1.32888 0 
20 0.1 0.01 999999 -5.93164e-07 1.66907 0 
20 0.1 0.02 999999 -3.6773e-11 1.67165 0 
20 0.1 0.05 999999 -8.98754e-12 1.67308 0 
20 0.1 0.1 999999 5.30091e-13 1.67351 0 
20 0.1 0.2 999999 6.35648e-13 1.67371 0 
20 0.1 0.5 999999 -2.55238e-13 1.67382 0 
20 0.1 1 999999 1.14423e-13 1.67385 0 
20 0.1 2 999999 -6.7957e-14 1.67386 0 
20 0.1 5 999999 -3.09911e-16 1.67386 0 
20 0.1 10 999999 -1.13995e-14 1.67386 0 
50 0.1 0.001 999999 7.23288e-10 1.67386 0 
50 0.1 0.002 999999 1.6178e-10 1.67386 0 
50 0.1 0.005 999999 -1.3012e-10 1.67386 0 
50 0.1 0.01 999999 -2.15536e-11 1.67386 0 
50 0.1 0.02 999999 -1.11125e-11 1.67386 0 
50 0.1 0.05 999999 4.45718e-13 1.67386 0 
50 0.1 0.1 999999 -2.11876e-12 1.67386 0 
50 0.1 0.2 999999 -1.12747e-13 1.67386 0 
50 0.1 0.5 999999 6.38709e-13 1.67386 0 
50 0.1 1 999999 5.97856e-13 1.67386 0 
50 0.1 2 999999 2.29714e-13 1.67386 0 
50 0.1 5 999999 -4.82682e-14 1.67386 0 
50 0.1 10 999999 3.46546e-15 1.67386 0 
100 0.1 0.001 999999 7.15664e-10 1.67386 0 
100 0.1 0.002 999999 -6.55533e-11 1.67386 0 
100 0.1 0.005 999999 2.3457e-10 1.67386 0 
100 0.1 0.01 999999 -5.06871e-11 1.67386 0 
100 0.1 0.02 999999 -1.11453e-11 1.67386 0 
100 0.1 0.05 999999 -1.41809e-11 1.67386 0 
100 0.1 0.1 999999 -4.72139e-12 1.67386 0 
100 0.1 0.2 999999 3.23502e-14 1.67386 0 
100 0.1 0.5 999999 -3.70494e-13 1.67386 0 
100 0.1 1 999999 3.43301e-13 1.67386 0 
100 0.1 2 999999 -2.70211e-14 1.67386 0 
100 0.1 5 999999 6.47015e-14 1.67386 0 
100 0.1 10 999999 -2.81945e-14 1.67386 0 
200 0.1 0.001 999999 -3.18244e-09 1.67386 0 
200 0.1 0.002 999999 -4.07544e-10 1.67386 0 
200 0.1 0.005 999999 -3.06918e-10 1.67386 0 
200 0.1 0.01 999999 5.92441e-12 1.67386 0 
200 0.1 0.02 999999 3.97995e-11 1.67386 0 
200 0.1 0.05 999999 -2.03544e-11 1.67386 0 
200 0.1 0.1 999999 4.38797e-12 1.67386 0 
200 0.1 0.2 999999 1.69987e-13 1.67386 0 
200 0.1 0.5 999999 -1.00013e-12 1.67386 0 
200 0.1 1 999999 -5.46142e-14 1.67386 0 
200 0.1 2 999999 -3.94481e-13 1.67386 0 
200 0.1 5 999999 4.95889e-14 1.67386 0 
200 0.1 10 999999 -1.70121e-13 1.67386 0 
500 0.1 0.001 999999 -4.66035e-08 1.67386 0 
500 0.1 0.002 999999 -2.40883e-08 1.67386 0 
500 0.1 0.005 999999 -2.88577e-09 1.67386 0 
500 0.1 0.01 999999 -1.09152e-09 1.67386 0 
500 0.1 0.02 999999 -1.9294e-11 1.67386 0 
500 0.1 0.05 999999 -1.87823e-11 1.67386 0 
500 0.1 0.1 999999 -2.50228e-13 1.67386 0 
500 0.1 0.2 999999 -9.02831e-13 1.67386 0 
500 0.1 0.5 999999 1.09806e-12 1.67386 0 
500 0.1 1 999999 8.67977e-13 1.67386 0 
500 0.1 2 999999 2.176e-13 1.67386 0 
500 0.1 5 999999 -1.47429e-13 1.67386 0 
500 0.1 10 999999 1.34e-13 1.67386 0 
1000 0.1 0.001 999999 -1.15233e-07 1.67386 0 
1000 0.1 0.002 999999 -6.43147e-08 1.67386 0 
1000 0.1 0.005 999999 -2.01287e-08 1.67386 0 
1000 0.1 0.01 999999 -8.10343e-09 1.67386 0 
1000 0.1 0.02 999999 -2.26036e-09 1.67386 0 
1000 0.1 0.05 999999 -5.61043e-10 1.67386 0 
1000 0.1 0.1 999999 -3.51968e-11 1.67386 0 
1000 0.1 0.2 999999 -2.63707e-11 1.67386 0 
1000 0.1 0.5 999999 1.48374e-11 1.67386 0 
1000 0.1 1 999999 2.49138e-12 1.67386 0 
1000 0.1 2 999999 3.93894e-13 1.67386 0 
1000 0.1 5 999999 1.79498e-13 1.67386 0 
1000 0.1 10 999999 -1.38412e-12 1.67386 0 
