0.1 0.0001 1e-06 999999 4.31169e-30 2.3683e-11 
0.1 0.0002 1e-06 999999 3.32319e-29 9.20401e-11 
0.1 0.0005 1e-06 999999 1.33687e-27 5.27976e-10 
0.1 0.001 1e-06 999999 1.39085e-26 1.83629e-09 
0.1 0.002 1e-06 999999 2.35724e-25 5.61652e-09 
0.1 0.005 1e-06 999999 1.42044e-23 1.71288e-08 
0.1 0.01 1e-06 999999 -9.69168e-22 2.67086e-08 
0.1 0.02 1e-06 999999 -3.20281e-15 3.04634e-08 
0.1 0.05 1e-06 999999 -2.68292e-10 3.10298e-08 
0.1 0.1 1e-06 999999 1.94212e-12 9.22989e-10 
0.1 0.2 1e-06 999999 1.52479e-12 5.49284e-10 
0.1 0.5 1e-06 999999 8.00855e-13 2.16543e-10 
0.1 1 1e-06 999999 4.22845e-13 6.95489e-11 
0.2 0.0001 1e-06 999999 4.30768e-30 2.36617e-11 
0.2 0.0002 1e-06 999999 3.31685e-29 9.18675e-11 
0.2 0.0005 1e-06 999999 9.70928e-28 5.25549e-10 
0.2 0.001 1e-06 999999 3.07044e-27 1.81976e-09 
0.2 0.002 1e-06 999999 3.69341e-26 5.51953e-09 
0.2 0.005 1e-06 999999 8.27939e-24 1.64792e-08 
0.2 0.01 1e-06 999999 -2.68132e-21 2.50876e-08 
0.2 0.02 1e-06 999999 -7.81686e-14 2.80428e-08 
0.2 0.05 1e-06 999999 3.20699e-10 2.81942e-08 
0.2 0.1 1e-06 999999 7.34977e-12 1.65054e-09 
0.2 0.2 1e-06 999999 6.07545e-12 1.08092e-09 
0.2 0.5 1e-06 999999 3.21295e-12 4.22527e-10 
0.2 1 1e-06 999999 1.70222e-12 1.34783e-10 
0.5 0.0001 1e-06 999999 4.29552e-30 2.35969e-11 
0.5 0.0002 1e-06 999999 3.29806e-29 9.13562e-11 
0.5 0.0005 1e-06 999999 4.56176e-28 5.18361e-10 
0.5 0.001 1e-06 999999 1.05136e-26 1.77137e-09 
0.5 0.002 1e-06 999999 1.62227e-26 5.24218e-09 
0.5 0.005 1e-06 999999 1.13458e-23 1.47352e-08 
0.5 0.01 1e-06 999999 -2.4473e-20 2.10765e-08 
0.5 0.02 1e-06 999999 -1.21833e-14 2.25509e-08 
0.5 0.05 1e-06 999999 -6.70059e-11 2.18945e-08 
0.5 0.1 1e-06 999999 4.44197e-11 3.9287e-09 
0.5 0.2 1e-06 999999 3.69492e-11 2.41984e-09 
0.5 0.5 1e-06 999999 2.03438e-11 8.9214e-10 
0.5 1 1e-06 999999 1.09758e-11 2.72031e-10 
1 0.0001 1e-06 999999 4.27488e-30 2.3487e-11 
1 0.0002 1e-06 999999 3.26711e-29 9.05135e-11 
1 0.0005 1e-06 999999 1.36702e-27 5.06672e-10 
1 0.001 1e-06 999999 6.86603e-27 1.69454e-09 
1 0.002 1e-06 999999 1.4912e-26 4.82169e-09 
1 0.005 1e-06 999999 1.11616e-25 1.23921e-08 
1 0.01 1e-06 999999 -5.18207e-22 1.64122e-08 
1 0.02 1e-06 999999 -5.33363e-15 1.69205e-08 
1 0.05 1e-06 999999 4.30336e-11 1.53203e-08 
1 0.1 1e-06 999999 7.4956e-10 1.28537e-08 
1 0.2 1e-06 999999 1.33405e-10 3.37901e-09 
1 0.5 1e-06 999999 7.93483e-11 1.02475e-09 
1 1 1e-06 999999 4.4017e-11 2.76076e-10 
2 0.0001 1e-06 999999 4.234e-30 2.3269e-11 
2 0.0002 1e-06 999999 3.20628e-29 8.88569e-11 
2 0.0005 1e-06 999999 1.19797e-27 4.84346e-10 
2 0.001 1e-06 999999 4.26707e-27 1.55415e-09 
2 0.002 1e-06 999999 9.28266e-26 4.1142e-09 
2 0.005 1e-06 999999 1.07511e-24 9.1718e-09 
2 0.01 1e-06 999999 -1.92927e-21 1.11651e-08 
2 0.02 1e-06 999999 -1.51307e-15 1.12866e-08 
2 0.05 1e-06 999999 -1.89694e-10 8.43449e-09 
2 0.1 1e-06 999999 6.80992e-11 5.71513e-09 
2 0.2 1e-06 999999 -5.84801e-09 3.27383e-09 
2 0.5 1e-06 999999 -1.25913e-07 8.07042e-09 
2 1 1e-06 999999 -7.04224e-09 1.16013e-09 
5 0.0001 1e-06 999999 1.00938e-29 2.26319e-11 
5 0.0002 1e-06 999999 3.03286e-29 8.41276e-11 
5 0.0005 1e-06 999999 3.73287e-28 4.2496e-10 
5 0.001 1e-06 999999 2.0519e-27 1.21984e-09 
5 0.002 1e-06 999999 6.7338e-26 2.72572e-09 
5 0.005 1e-06 999999 3.83158e-25 4.87402e-09 
5 0.01 1e-06 999999 -4.72263e-22 5.6628e-09 
5 0.02 1e-06 999999 -1.10852e-18 5.88738e-09 
5 0.05 1e-06 999999 -1.44944e-09 2.29484e-09 
5 0.1 1e-06 999999 -4.41883e-09 7.88993e-10 
5 0.2 1e-06 999999 -1.85073e-07 1.30907e-08 
5 0.5 1e-06 999999 -0.00114559 8.25679e-05 
5 1 1e-06 999999 -8.74122e-06 6.18722e-07 
10 0.0001 1e-06 999999 3.92593e-30 2.16223e-11 
10 0.0002 1e-06 999999 4.78401e-29 7.69787e-11 
10 0.0005 1e-06 999999 8.53898e-28 3.46686e-10 
10 0.001 1e-06 999999 1.44262e-27 8.60276e-10 
10 0.002 1e-06 999999 1.53414e-26 1.63827e-09 
10 0.005 1e-06 999999 1.49722e-26 2.70377e-09 
10 0.01 1e-06 999999 -3.41124e-22 3.25535e-09 
10 0.02 1e-06 999999 -5.24475e-16 3.91995e-09 
10 0.05 1e-06 999999 -5.46531e-09 7.68417e-10 
10 0.1 1e-06 999999 -1.31256e-06 5.90541e-08 
10 0.2 1e-06 999999 -0.000473182 2.02939e-06 
10 0.5 1e-06 999999 -0.000285602 0.669575 
10 1 1e-06 999999 0.00337327 0.0836943 
20 0.0001 1e-06 999999 3.58293e-30 1.97789e-11 
20 0.0002 1e-06 999999 2.33551e-29 6.50172e-11 
20 0.0005 1e-06 999999 2.12375e-28 2.42917e-10 
20 0.001 1e-06 999999 8.44477e-28 5.07285e-10 
20 0.002 1e-06 999999 2.28166e-27 8.80229e-10 
20 0.005 1e-06 999999 -1.6296e-25 1.50207e-09 
20 0.01 1e-06 999999 -6.552e-21 2.12704e-09 
20 0.02 1e-06 999999 -2.60212e-23 4.26007e-09 
20 0.05 1e-06 999999 5.85268e-07 2.13548e-08 
20 0.1 1e-06 999999 0.000593407 0.0837202 
20 0.2 1e-06 999999 0.00159525 1.33866 
20 0.5 1e-06 999999 -0.0066351 1.67384 
20 1 1e-06 999999 0.00289283 0.25155 
50 0.0001 1e-06 999999 2.77713e-30 1.54058e-11 
50 0.0002 1e-06 999999 1.49836e-29 4.18829e-11 
50 0.0005 1e-06 999999 1.00148e-28 1.15759e-10 
50 0.001 1e-06 999999 6.34273e-28 2.16789e-10 
50 0.002 1e-06 999999 9.98185e-28 3.88828e-10 
50 0.005 1e-06 999999 -8.20461e-24 9.16235e-10 
50 0.01 1e-06 999999 -1.6719e-23 2.95285e-09 
50 0.02 1e-06 999999 -2.56542e-14 3.66585e-08 
50 0.05 1e-06 999999 0.00830019 0.0011325 
50 0.1 1e-06 999999 -8.85532e-06 1.67386 
50 0.2 1e-06 999999 -7.68495e-05 1.67386 
50 0.5 1e-06 999999 -0.00125865 1.67386 
50 1 1e-06 999999 -0.0161078 1.67374 
100 0.0001 1e-06 999999 1.92861e-30 1.0738e-11 
100 0.0002 1e-06 999999 8.65305e-30 2.43079e-11 
100 0.0005 1e-06 999999 5.02814e-29 5.98827e-11 
100 0.001 1e-06 999999 1.67043e-28 1.1668e-10 
100 0.002 1e-06 999999 -7.00443e-27 2.48992e-10 
100 0.005 1e-06 999999 -2.39599e-21 1.34548e-09 
100 0.01 1e-06 999999 -2.96442e-23 1.9924e-08 
100 0.02 1e-06 999999 0.000244982 1.29709e-05 
100 0.05 1e-06 999999 -5.02429e-06 1.67385 
100 0.1 1e-06 999999 -2.32825e-05 1.67386 
100 0.2 1e-06 999999 -4.82003e-05 1.67386 
100 0.5 1e-06 999999 -0.000255376 1.67386 
100 1 1e-06 999999 -0.00194155 1.67386 
200 0.0001 1e-06 999999 1.11379e-30 6.21922e-12 
200 0.0002 1e-06 999999 4.40893e-30 1.26152e-11 
200 0.0005 1e-06 999999 2.4202e-29 3.20922e-11 
200 0.001 1e-06 999999 5.72169e-29 7.45038e-11 
200 0.002 1e-06 999999 -1.57511e-27 2.70655e-10 
200 0.005 1e-06 999999 -6.02754e-20 9.05767e-09 
200 0.01 1e-06 999999 9.49551e-07 4.40227e-06 
200 0.02 1e-06 999999 -2.05069e-05 1.66018 
200 0.05 1e-06 999999 1.28141e-05 1.67386 
200 0.1 1e-06 999999 -2.24516e-05 1.67386 
200 0.2 1e-06 999999 -4.23503e-05 1.67386 
200 0.5 1e-06 999999 -0.000102116 1.67386 
200 1 1e-06 999999 -0.000341087 1.67386 
500 0.0001 1e-06 999999 4.45936e-31 2.58457e-12 
500 0.0002 1e-06 999999 1.68345e-30 5.43772e-12 
500 0.0005 1e-06 999999 3.09556e-30 1.93228e-11 
500 0.001 1e-06 999999 -2.03173e-26 1.03272e-10 
500 0.002 1e-06 999999 -6.31912e-25 2.3191e-09 
500 0.005 1e-06 999999 1.22326e-08 2.89206e-05 
500 0.01 1e-06 999999 -3.51228e-05 1.6737 
500 0.02 1e-06 999999 3.38641e-05 1.67386 
500 0.05 1e-06 999999 -1.50811e-05 1.67386 
500 0.1 1e-06 999999 -3.44579e-05 1.67386 
500 0.2 1e-06 999999 -4.90222e-05 1.67386 
500 0.5 1e-06 999999 -5.60982e-05 1.67386 
500 1 1e-06 999999 -6.70432e-05 1.67386 
1000 0.0001 1e-06 999999 2.17392e-31 1.40568e-12 
1000 0.0002 1e-06 999999 6.14119e-31 3.48234e-12 
1000 0.0005 1e-06 999999 -8.92857e-29 2.84124e-11 
1000 0.001 1e-06 999999 -2.76456e-22 6.94462e-10 
1000 0.002 1e-06 999999 -3.33296e-18 3.11028e-07 
1000 0.005 1e-06 999999 0.0185676 1.67026 
1000 0.01 1e-06 999999 0.000168007 1.67386 
1000 0.02 1e-06 999999 9.04474e-05 1.67386 
1000 0.05 1e-06 999999 -5.94792e-05 1.67386 
1000 0.1 1e-06 999999 -6.74927e-05 1.67386 
1000 0.2 1e-06 999999 -7.67162e-05 1.67386 
1000 0.5 1e-06 999999 -0.000107569 1.67386 
1000 1 1e-06 999999 -3.29313e-05 1.67386 
