0.1 0.0001 1e-07 999999 4.36416e-31 2.39712e-12 
0.1 0.0002 1e-07 999999 3.32373e-30 9.20516e-12 
0.1 0.0005 1e-07 999999 1.45903e-28 5.27963e-11 
0.1 0.001 1e-07 999999 1.02596e-27 1.8363e-10 
0.1 0.002 1e-07 999999 7.54883e-27 5.61649e-10 
0.1 0.005 1e-07 999999 1.07574e-24 1.71288e-09 
0.1 0.01 1e-07 999999 -6.39862e-24 2.67086e-09 
0.1 0.02 1e-07 999999 -2.57806e-15 3.04634e-09 
0.1 0.05 1e-07 999999 -1.24429e-11 3.10317e-09 
0.1 0.1 1e-07 999999 2.36584e-13 1.32909e-10 
0.1 0.2 1e-07 999999 1.52476e-13 5.49289e-11 
0.1 0.5 1e-07 999999 8.00842e-14 2.16546e-11 
0.1 1 1e-07 999999 4.22834e-14 6.95497e-12 
0.2 0.0001 1e-07 999999 8.56613e-31 2.38832e-12 
0.2 0.0002 1e-07 999999 3.31685e-30 9.18651e-12 
0.2 0.0005 1e-07 999999 4.62558e-29 5.25542e-11 
0.2 0.001 1e-07 999999 2.31174e-27 1.81977e-10 
0.2 0.002 1e-07 999999 8.33638e-27 5.51954e-10 
0.2 0.005 1e-07 999999 3.1906e-24 1.64792e-09 
0.2 0.01 1e-07 999999 -2.68058e-22 2.50877e-09 
0.2 0.02 1e-07 999999 -3.1241e-14 2.80428e-09 
0.2 0.05 1e-07 999999 1.09588e-11 2.82143e-09 
0.2 0.1 1e-07 999999 7.75778e-13 1.84694e-10 
0.2 0.2 1e-07 999999 6.07541e-13 1.08093e-10 
0.2 0.5 1e-07 999999 3.21292e-13 4.22534e-11 
0.2 1 1e-07 999999 1.70221e-13 1.34788e-11 
0.5 0.0001 1e-07 999999 4.31032e-31 2.36821e-12 
0.5 0.0002 1e-07 999999 3.30103e-30 9.1441e-12 
0.5 0.0005 1e-07 999999 1.84334e-28 5.18388e-11 
0.5 0.001 1e-07 999999 4.43885e-28 1.77136e-10 
0.5 0.002 1e-07 999999 5.95037e-27 5.24216e-10 
0.5 0.005 1e-07 999999 1.71357e-24 1.47352e-09 
0.5 0.01 1e-07 999999 -1.47401e-22 2.10765e-09 
0.5 0.02 1e-07 999999 -3.35087e-14 2.25509e-09 
0.5 0.05 1e-07 999999 2.18779e-11 2.18878e-09 
0.5 0.1 1e-07 999999 4.78603e-12 4.59616e-10 
0.5 0.2 1e-07 999999 3.69492e-12 2.41988e-10 
0.5 0.5 1e-07 999999 2.03437e-12 8.92154e-11 
0.5 1 1e-07 999999 1.09757e-12 2.7203e-11 
1 0.0001 1e-07 999999 4.27368e-31 2.34832e-12 
1 0.0002 1e-07 999999 3.26762e-30 9.05275e-12 
1 0.0005 1e-07 999999 4.45754e-29 5.06639e-11 
1 0.001 1e-07 999999 1.90889e-27 1.69452e-10 
1 0.002 1e-07 999999 1.25306e-26 4.82169e-10 
1 0.005 1e-07 999999 1.22864e-24 1.2392e-09 
1 0.01 1e-07 999999 -1.54689e-22 1.64122e-09 
1 0.02 1e-07 999999 -3.49013e-15 1.69205e-09 
1 0.05 1e-07 999999 6.84916e-12 1.53091e-09 
1 0.1 1e-07 999999 9.82395e-11 1.31728e-09 
1 0.2 1e-07 999999 1.33404e-11 3.37899e-10 
1 0.5 1e-07 999999 7.93481e-12 1.02476e-10 
1 1 1e-07 999999 4.4017e-12 2.76083e-11 
2 0.0001 1e-07 999999 4.24002e-31 2.32988e-12 
2 0.0002 1e-07 999999 3.20669e-30 8.88667e-12 
2 0.0005 1e-07 999999 1.33919e-28 4.84335e-11 
2 0.001 1e-07 999999 2.61907e-28 1.55412e-10 
2 0.002 1e-07 999999 4.59079e-27 4.11418e-10 
2 0.005 1e-07 999999 5.6182e-25 9.17179e-10 
2 0.01 1e-07 999999 -2.74503e-23 1.1165e-09 
2 0.02 1e-07 999999 -3.28075e-17 1.12854e-09 
2 0.05 1e-07 999999 -1.40263e-11 8.44445e-10 
2 0.1 1e-07 999999 1.16152e-11 5.70653e-10 
2 0.2 1e-07 999999 -5.23435e-10 3.24378e-10 
2 0.5 1e-07 999999 -1.96592e-08 1.1472e-09 
2 1 1e-07 999999 -8.36883e-10 1.23652e-10 
5 0.0001 1e-07 999999 4.1255e-31 2.26831e-12 
5 0.0002 1e-07 999999 3.03228e-30 8.4113e-12 
5 0.0005 1e-07 999999 4.40836e-29 4.24958e-11 
5 0.001 1e-07 999999 2.05192e-28 1.21985e-10 
5 0.002 1e-07 999999 9.9972e-28 2.72568e-10 
5 0.005 1e-07 999999 5.84025e-26 4.87392e-10 
5 0.01 1e-07 999999 -2.96763e-23 5.66161e-10 
5 0.02 1e-07 999999 -2.33131e-18 5.88678e-10 
5 0.05 1e-07 999999 -1.46954e-10 2.29339e-10 
5 0.1 1e-07 999999 -4.53585e-10 8.06543e-11 
5 0.2 1e-07 999999 -4.1931e-08 2.84292e-09 
5 0.5 1e-07 999999 -7.58761e-05 5.47133e-06 
5 1 1e-07 999999 -1.14325e-06 8.10546e-08 
10 0.0001 1e-07 999999 3.92533e-31 2.1619e-12 
10 0.0002 1e-07 999999 2.77084e-30 7.69629e-12 
10 0.0005 1e-07 999999 3.03972e-29 3.46659e-11 
10 0.001 1e-07 999999 1.64817e-28 8.60287e-11 
10 0.002 1e-07 999999 8.79876e-28 1.63824e-10 
10 0.005 1e-07 999999 9.88728e-28 2.70263e-10 
10 0.01 1e-07 999999 -4.13644e-24 3.25469e-10 
10 0.02 1e-07 999999 -2.42617e-19 3.9196e-10 
10 0.05 1e-07 999999 -6.68282e-10 8.09318e-11 
10 0.1 1e-07 999999 -1.3493e-07 5.88698e-09 
10 0.2 1e-07 999999 -0.000606289 2.88289e-06 
10 0.5 1e-07 999999 0.00654417 0.084204 
10 1 1e-07 999999 7.74101e-05 5.4392e-05 
20 0.0001 1e-07 999999 3.58501e-31 1.97881e-12 
20 0.0002 1e-07 999999 2.33539e-30 6.50137e-12 
20 0.0005 1e-07 999999 2.12362e-29 2.42906e-11 
20 0.001 1e-07 999999 8.60013e-29 5.07197e-11 
20 0.002 1e-07 999999 4.29584e-28 8.79533e-11 
20 0.005 1e-07 999999 -3.03868e-26 1.50146e-10 
20 0.01 1e-07 999999 -1.10915e-26 2.12669e-10 
20 0.02 1e-07 999999 -1.68424e-25 4.25987e-10 
20 0.05 1e-07 999999 -4.06561e-22 6.20027e-09 
20 0.1 1e-07 999999 -0.00145605 9.92358e-05 
20 0.2 1e-07 999999 0.00391139 0.669887 
20 0.5 1e-07 999999 0.00732276 0.251854 
20 1 1e-07 999999 0.00062246 0.0837279 
50 0.0001 1e-07 999999 5.78243e-31 1.54056e-12 
50 0.0002 1e-07 999999 1.4988e-30 4.18931e-12 
50 0.0005 1e-07 999999 1.00167e-29 1.15776e-11 
50 0.001 1e-07 999999 3.46898e-29 2.1625e-11 
50 0.002 1e-07 999999 9.96624e-29 3.88409e-11 
50 0.005 1e-07 999999 -9.95388e-27 9.15935e-11 
50 0.01 1e-07 999999 -2.96092e-25 2.95266e-10 
50 0.02 1e-07 999999 -4.49978e-11 3.6659e-09 
50 0.05 1e-07 999999 0.0115049 0.418075 
50 0.1 1e-07 999999 -0.000180402 1.67383 
50 0.2 1e-07 999999 0.000348377 1.67386 
50 0.5 1e-07 999999 -0.0142471 1.67376 
50 1 1e-07 999999 -0.00213173 0.41888 
100 0.0001 1e-07 999999 1.92402e-31 1.07101e-12 
100 0.0002 1e-07 999999 8.63751e-31 2.42653e-12 
100 0.0005 1e-07 999999 5.00755e-30 5.97257e-12 
100 0.001 1e-07 999999 4.19969e-29 1.16433e-11 
100 0.002 1e-07 999999 1.09421e-28 2.48804e-11 
100 0.005 1e-07 999999 2.75626e-26 1.3453e-10 
100 0.01 1e-07 999999 -7.36001e-19 1.99238e-09 
100 0.02 1e-07 999999 4.81248e-06 6.8096e-07 
100 0.05 1e-07 999999 -4.56142e-05 1.67377 
100 0.1 1e-07 999999 0.000427179 1.67386 
100 0.2 1e-07 999999 -0.000360591 1.67386 
100 0.5 1e-07 999999 -0.00281287 1.67386 
100 1 1e-07 999999 -0.0221982 1.67361 
200 0.0001 1e-07 999999 1.12209e-31 6.26426e-13 
200 0.0002 1e-07 999999 4.34276e-31 1.25369e-12 
200 0.0005 1e-07 999999 2.38216e-30 3.18946e-12 
200 0.001 1e-07 999999 5.61163e-30 7.44164e-12 
200 0.002 1e-07 999999 -3.40619e-28 2.70658e-11 
200 0.005 1e-07 999999 -3.27455e-21 9.05878e-10 
200 0.01 1e-07 999999 2.58869e-06 2.92763e-07 
200 0.02 1e-07 999999 0.00113367 0.20183 
200 0.05 1e-07 999999 0.000408463 1.67386 
200 0.1 1e-07 999999 0.000356013 1.67386 
200 0.2 1e-07 999999 -0.000385004 1.67386 
200 0.5 1e-07 999999 -0.00125045 1.67386 
200 1 1e-07 999999 -0.00443253 1.67385 
500 0.0001 1e-07 999999 4.4003e-32 2.62428e-13 
500 0.0002 1e-07 999999 3.41663e-31 5.48536e-13 
500 0.0005 1e-07 999999 1.41818e-30 1.92409e-12 
500 0.001 1e-07 999999 -3.76938e-28 1.02931e-11 
500 0.002 1e-07 999999 -1.69999e-20 2.32459e-10 
500 0.005 1e-07 999999 -4.26498e-07 2.53963e-06 
500 0.01 1e-07 999999 0.0320163 1.65594 
500 0.02 1e-07 999999 0.0231234 1.67349 
500 0.05 1e-07 999999 0.00202011 1.67386 
500 0.1 1e-07 999999 0.000616872 1.67386 
500 0.2 1e-07 999999 -0.000734578 1.67386 
500 0.5 1e-07 999999 -0.00110483 1.67386 
500 1 1e-07 999999 -0.00158663 1.67386 
1000 0.0001 1e-07 999999 1.96831e-32 1.45693e-13 
1000 0.0002 1e-07 999999 4.6108e-32 3.49829e-13 
1000 0.0005 1e-07 999999 -8.44231e-30 2.74682e-12 
1000 0.001 1e-07 999999 -8.50228e-27 6.68093e-11 
1000 0.002 1e-07 999999 -2.22387e-10 2.99202e-08 
1000 0.005 1e-07 999999 0.0229122 0.911313 
1000 0.01 1e-07 999999 0.0316904 1.67343 
1000 0.02 1e-07 999999 0.0295735 1.67344 
1000 0.05 1e-07 999999 0.0240819 1.67345 
1000 0.1 1e-07 999999 0.0117105 1.67367 
1000 0.2 1e-07 999999 -0.0010314 1.67386 
1000 0.5 1e-07 999999 -0.000989629 1.67386 
1000 1 1e-07 999999 -0.00356244 1.67386 
