0.1 1 0.001 999999 4.33453e-10 7.03988e-08 0 
0.1 1 0.002 999999 8.88405e-10 1.42499e-07 0 
0.1 1 0.005 999999 2.38621e-09 3.68993e-07 0 
0.1 1 0.01 999999 5.34943e-09 7.80399e-07 0 
0.1 1 0.02 999999 1.32048e-08 1.72989e-06 0 
0.1 1 0.05 999999 5.57805e-08 5.58262e-06 0 
0.1 1 0.1 999999 2.14249e-07 1.5298e-05 0 
0.1 1 0.2 999999 1.04649e-06 4.67044e-05 0 
0.1 1 0.5 999999 1.13446e-05 0.000212904 0 
0.1 1 1 999999 -3.99122e-05 0.000295773 0 
0.1 1 2 999999 -0.730957 1.18069 0 
0.1 1 5 999999 -1.11185e-11 1.67386 0 
0.1 1 10 999999 1.83915e-13 1.67386 0 
0.2 1 0.001 999999 1.72338e-09 1.35554e-07 0 
0.2 1 0.002 999999 3.4894e-09 2.72651e-07 0 
0.2 1 0.005 999999 9.04717e-09 6.93174e-07 0 
0.2 1 0.01 999999 1.91995e-08 1.42469e-06 0 
0.2 1 0.02 999999 4.30163e-08 3.00171e-06 0 
0.2 1 0.05 999999 1.46125e-07 8.62604e-06 0 
0.2 1 0.1 999999 4.47504e-07 2.08598e-05 0 
0.2 1 0.2 999999 1.71989e-06 5.51401e-05 0 
0.2 1 0.5 999999 1.41272e-05 0.000202436 0 
0.2 1 1 999999 -4.37988e-05 0.000249848 0 
0.2 1 2 999999 -0.730036 1.18052 0 
0.2 1 5 999999 -3.72247e-12 1.67386 0 
0.2 1 10 999999 9.27407e-14 1.67386 0 
0.5 1 0.001 999999 1.10276e-08 2.72374e-07 0 
0.5 1 0.002 999999 2.21591e-08 5.45436e-07 0 
0.5 1 0.005 999999 5.6181e-08 1.36871e-06 0 
0.5 1 0.01 999999 1.14995e-07 2.75428e-06 0 
0.5 1 0.02 999999 2.40698e-07 5.57441e-06 0 
0.5 1 0.05 999999 6.85491e-07 1.43985e-05 0 
0.5 1 0.1 999999 1.67264e-06 3.01324e-05 0 
0.5 1 0.2 999999 4.70883e-06 6.40298e-05 0 
0.5 1 0.5 999999 2.35098e-05 0.000153082 0 
0.5 1 1 999999 5.49434e-05 0.000166091 0 
0.5 1 2 999999 -0.718449 1.16441 0 
0.5 1 5 999999 -1.13524e-11 1.67386 0 
0.5 1 10 999999 -2.00998e-13 1.67386 0 
1 1 0.001 999999 4.40979e-08 2.75861e-07 0 
1 1 0.002 999999 8.83579e-08 5.51294e-07 0 
1 1 0.005 999999 2.22111e-07 1.37502e-06 0 
1 1 0.01 999999 4.48282e-07 2.73932e-06 0 
1 1 0.02 999999 9.12844e-07 5.43565e-06 0 
1 1 0.05 999999 2.40485e-06 1.32647e-05 0 
1 1 0.1 999999 5.22116e-06 2.54341e-05 0 
1 1 0.2 999999 1.20708e-05 4.63881e-05 0 
1 1 0.5 999999 3.98549e-05 8.31417e-05 0 
1 1 1 999999 -0.000244338 0.0857172 0 
1 1 2 999999 0.769788 0.986799 0 
1 1 5 999999 -1.30426e-12 1.67386 0 
1 1 10 999999 9.83731e-14 1.67386 0 
2 1 0.001 999999 1.24534e-07 1.03862e-07 0 
2 1 0.002 999999 -1.09252e-05 2.13078e-06 0 
2 1 0.005 999999 6.23012e-07 5.17311e-07 0 
2 1 0.01 999999 1.24684e-06 1.0297e-06 0 
2 1 0.02 999999 -0.000106027 2.0385e-05 0 
2 1 0.05 999999 6.26037e-06 4.96464e-06 0 
2 1 0.1 999999 -0.000720211 9.81436e-05 0 
2 1 0.2 999999 -0.00175065 0.000185086 0 
2 1 0.5 999999 -9.37647e-05 0.0847982 0 
2 1 1 999999 0.00126128 0.167384 0 
2 1 2 999999 5.91174e-11 1.67386 0 
2 1 5 999999 1.24846e-12 1.67386 0 
2 1 10 999999 3.4794e-14 1.67386 0 
5 1 0.001 999999 8.56925e-05 0.0836977 0 
5 1 0.002 999999 -0.000141676 0.0837043 0 
5 1 0.005 999999 -0.00038789 0.0837223 0 
5 1 0.01 999999 -0.00165709 0.0838105 0 
5 1 0.02 999999 0.00194307 0.167381 0 
5 1 0.05 999999 -0.00415473 0.167659 0 
5 1 0.1 999999 -0.00552061 0.335237 0 
5 1 0.2 999999 -0.000627776 1.17216 0 
5 1 0.5 999999 -1.14629e-08 1.67386 0 
5 1 1 999999 1.69671e-09 1.67386 0 
5 1 2 999999 -9.63277e-12 1.67386 0 
5 1 5 999999 3.64605e-13 1.67386 0 
5 1 10 999999 1.32452e-14 1.67386 0 
10 1 0.001 999999 -0.000398084 1.67386 0 
10 1 0.002 999999 -3.18837e-05 1.67386 0 
10 1 0.005 999999 7.21729e-06 1.67386 0 
10 1 0.01 999999 -6.46592e-06 1.67386 0 
10 1 0.02 999999 -1.78157e-06 1.67386 0 
10 1 0.05 999999 -4.50474e-08 1.67386 0 
10 1 0.1 999999 -7.22797e-08 1.67386 0 
10 1 0.2 999999 5.8585e-09 1.67386 0 
10 1 0.5 999999 -3.65079e-09 1.67386 0 
10 1 1 999999 4.37392e-10 1.67386 0 
10 1 2 999999 -7.48978e-12 1.67386 0 
10 1 5 999999 1.77498e-12 1.67386 0 
10 1 10 999999 -7.33865e-15 1.67386 0 
20 1 0.001 999999 7.42225e-07 1.67386 0 
20 1 0.002 999999 -4.97843e-07 1.67386 0 
20 1 0.005 999999 -2.76023e-08 1.67386 0 
20 1 0.01 999999 5.77935e-09 1.67386 0 
20 1 0.02 999999 1.51304e-08 1.67386 0 
20 1 0.05 999999 -9.15167e-10 1.67386 0 
20 1 0.1 999999 -1.15816e-10 1.67386 0 
20 1 0.2 999999 5.62013e-10 1.67386 0 
20 1 0.5 999999 -1.36211e-10 1.67386 0 
20 1 1 999999 -1.41121e-11 1.67386 0 
20 1 2 999999 1.61689e-12 1.67386 0 
20 1 5 999999 -6.91897e-14 1.67386 0 
20 1 10 999999 -6.05106e-14 1.67386 0 
50 1 0.001 999999 8.93564e-09 1.67386 0 
50 1 0.002 999999 4.9803e-08 1.67386 0 
50 1 0.005 999999 9.98885e-09 1.67386 0 
50 1 0.01 999999 -4.42835e-10 1.67386 0 
50 1 0.02 999999 1.23189e-09 1.67386 0 
50 1 0.05 999999 8.94202e-11 1.67386 0 
50 1 0.1 999999 2.06181e-10 1.67386 0 
50 1 0.2 999999 -7.69853e-12 1.67386 0 
50 1 0.5 999999 -2.59134e-11 1.67386 0 
50 1 1 999999 7.45452e-12 1.67386 0 
50 1 2 999999 -2.60306e-12 1.67386 0 
50 1 5 999999 -1.18661e-13 1.67386 0 
50 1 10 999999 3.3531e-14 1.67386 0 
100 1 0.001 999999 -3.77279e-08 1.67386 0 
100 1 0.002 999999 5.31356e-11 1.67386 0 
100 1 0.005 999999 -3.62169e-10 1.67386 0 
100 1 0.01 999999 7.02094e-10 1.67386 0 
100 1 0.02 999999 6.59759e-11 1.67386 0 
100 1 0.05 999999 -4.56467e-11 1.67386 0 
100 1 0.1 999999 -6.14159e-11 1.67386 0 
100 1 0.2 999999 -2.41762e-11 1.67386 0 
100 1 0.5 999999 1.16822e-11 1.67386 0 
100 1 1 999999 -2.02306e-11 1.67386 0 
100 1 2 999999 1.19871e-12 1.67386 0 
100 1 5 999999 -4.08024e-13 1.67386 0 
100 1 10 999999 -4.24795e-14 1.67386 0 
200 1 0.001 999999 -3.03483e-07 1.67386 0 
200 1 0.002 999999 -6.8671e-08 1.67386 0 
200 1 0.005 999999 -1.01905e-08 1.67386 0 
200 1 0.01 999999 -8.47132e-10 1.67386 0 
200 1 0.02 999999 2.47806e-10 1.67386 0 
200 1 0.05 999999 4.63343e-10 1.67386 0 
200 1 0.1 999999 1.30423e-10 1.67386 0 
200 1 0.2 999999 2.83213e-11 1.67386 0 
200 1 0.5 999999 8.4906e-13 1.67386 0 
200 1 1 999999 4.9095e-12 1.67386 0 
200 1 2 999999 1.22802e-12 1.67386 0 
200 1 5 999999 1.99638e-13 1.67386 0 
200 1 10 999999 -1.31119e-14 1.67386 0 
500 1 0.001 999999 -2.71695e-07 1.67386 0 
500 1 0.002 999999 -1.27471e-07 1.67386 0 
500 1 0.005 999999 -4.81285e-08 1.67386 0 
500 1 0.01 999999 -1.82182e-08 1.67386 0 
500 1 0.02 999999 -6.12583e-09 1.67386 0 
500 1 0.05 999999 -5.3317e-10 1.67386 0 
500 1 0.1 999999 1.25072e-11 1.67386 0 
500 1 0.2 999999 8.85945e-12 1.67386 0 
500 1 0.5 999999 2.50383e-11 1.67386 0 
500 1 1 999999 7.05284e-12 1.67386 0 
500 1 2 999999 2.57443e-12 1.67386 0 
500 1 5 999999 -6.42227e-13 1.67386 0 
500 1 10 999999 -1.70404e-13 1.67386 0 
1000 1 0.001 999999 -1.37168e-07 1.67386 0 
1000 1 0.002 999999 -8.57884e-08 1.67386 0 
1000 1 0.005 999999 -3.37206e-08 1.67386 0 
1000 1 0.01 999999 -1.80742e-08 1.67386 0 
1000 1 0.02 999999 -9.59747e-09 1.67386 0 
1000 1 0.05 999999 -3.3688e-09 1.67386 0 
1000 1 0.1 999999 -9.51507e-10 1.67386 0 
1000 1 0.2 999999 -1.79233e-10 1.67386 0 
1000 1 0.5 999999 4.05956e-13 1.67386 0 
1000 1 1 999999 1.37828e-11 1.67386 0 
1000 1 2 999999 7.98978e-12 1.67386 0 
1000 1 5 999999 1.82267e-13 1.67386 0 
1000 1 10 999999 -1.77536e-13 1.67386 0 
