1000 27 0.01 5000000 -1.34847e-05 0.836931 
500 27 0.01 5000000 -0.000560713 0.836931 
200 27 0.01 5000000 0.00210387 0.083848 
100 27 0.01 5000000 -0.00112604 7.76594e-05 
50 27 0.01 5000000 1.50022e-05 0.0836944 
20 27 0.01 5000000 -4.0824e-06 0.0836945 
10 27 0.01 5000000 -4.40074e-06 0.0836959 
5 27 0.01 5000000 -1.88035e-06 4.23763e-08 
2 27 0.01 5000000 2.50893e-08 3.32259e-09 
1 27 0.01 5000000 8.67025e-09 4.52582e-09 
0.5 27 0.01 5000000 2.20075e-09 4.16551e-09 
0.2 27 0.01 5000000 3.64849e-10 2.15892e-09 
0.1 27 0.01 5000000 1.01509e-10 1.1845e-09 
0.05 27 0.01 5000000 3.12715e-11 6.6448e-10 
0.02 27 0.01 5000000 8.45186e-12 3.46627e-10 
0.01 27 0.01 5000000 4.05071e-12 2.40119e-10 
0.005 27 0.01 5000000 2.45043e-12 1.86801e-10 
0.002 27 0.01 5000000 1.6823e-12 1.54794e-10 
0.001 27 0.01 5000000 1.45827e-12 1.44123e-10 
0.0005 27 0.01 5000000 1.35225e-12 1.38788e-10 
0.0002 27 0.01 5000000 1.29056e-12 1.35586e-10 
0.0001 27 0.01 5000000 1.27032e-12 1.34519e-10 
5e-05 27 0.01 5000000 1.26025e-12 1.33985e-10 
2e-05 27 0.01 5000000 1.25424e-12 1.33665e-10 
1e-05 27 0.01 5000000 1.25223e-12 1.33558e-10 
2000 13.5 0.01 5000000 -3.31885e-07 0.836931 
1000 13.5 0.01 5000000 -1.66788e-06 0.836931 
400 13.5 0.01 5000000 -4.36158e-05 0.836931 
200 13.5 0.01 5000000 -0.00192654 0.836928 
100 13.5 0.01 5000000 -0.00343271 0.251144 
40 13.5 0.01 5000000 -0.000423173 2.77452e-05 
20 13.5 0.01 5000000 6.46796e-06 1.18988e-06 
10 13.5 0.01 5000000 -1.43022e-06 2.42629e-07 
4 13.5 0.01 5000000 -3.55366e-06 8.83034e-08 
2 13.5 0.01 5000000 5.01846e-08 9.27842e-09 
1 13.5 0.01 5000000 1.7344e-08 1.63949e-08 
0.4 13.5 0.01 5000000 2.81653e-09 1.45057e-08 
0.2 13.5 0.01 5000000 7.29891e-10 8.60295e-09 
0.1 13.5 0.01 5000000 2.03072e-10 4.7307e-09 
0.04 13.5 0.01 5000000 4.41331e-11 2.23357e-09 
0.02 13.5 0.01 5000000 1.69083e-11 1.38546e-09 
0.01 13.5 0.01 5000000 8.10363e-12 9.59788e-10 
0.004 13.5 0.01 5000000 4.35795e-12 7.04038e-10 
0.002 13.5 0.01 5000000 3.36552e-12 6.18745e-10 
0.001 13.5 0.01 5000000 2.91733e-12 5.76092e-10 
0.0004 13.5 0.01 5000000 2.66378e-12 5.50498e-10 
0.0002 13.5 0.01 5000000 2.58182e-12 5.41967e-10 
0.0001 13.5 0.01 5000000 2.54132e-12 5.37701e-10 
4e-05 13.5 0.01 5000000 2.51718e-12 5.35141e-10 
2e-05 13.5 0.01 5000000 2.50916e-12 5.34288e-10 
5000 5.4 0.01 5000000 -5.85159e-08 0.836931 
2500 5.4 0.01 5000000 -8.97557e-08 0.836931 
1000 5.4 0.01 5000000 -2.86771e-07 0.836931 
500 5.4 0.01 5000000 -9.62977e-07 0.836931 
250 5.4 0.01 5000000 -5.01415e-06 0.836931 
100 5.4 0.01 5000000 -4.24766e-05 0.836931 
50 5.4 0.01 5000000 -0.000407667 0.836931 
25 5.4 0.01 5000000 0.00509511 0.335127 
10 5.4 0.01 5000000 -9.20658e-05 7.92875e-06 
5 5.4 0.01 5000000 2.13223e-06 8.19547e-07 
2.5 5.4 0.01 5000000 -1.16286e-06 1.2471e-06 
1 5.4 0.01 5000000 4.33109e-08 9.60847e-08 
0.5 5.4 0.01 5000000 1.09972e-08 1.00579e-07 
0.25 5.4 0.01 5000000 2.79696e-09 6.42577e-08 
0.1 5.4 0.01 5000000 5.07376e-10 2.94583e-08 
0.05 5.4 0.01 5000000 1.56308e-10 1.65403e-08 
0.025 5.4 0.01 5000000 5.62473e-11 9.95434e-09 
0.01 5.4 0.01 5000000 2.02472e-11 5.97913e-09 
0.005 5.4 0.01 5000000 1.22483e-11 4.65156e-09 
0.0025 5.4 0.01 5000000 8.9988e-12 3.98745e-09 
0.001 5.4 0.01 5000000 7.28906e-12 3.58889e-09 
0.0005 5.4 0.01 5000000 6.75914e-12 3.45602e-09 
0.00025 5.4 0.01 5000000 6.50168e-12 3.38958e-09 
0.0001 5.4 0.01 5000000 6.3496e-12 3.34972e-09 
5e-05 5.4 0.01 5000000 6.29931e-12 3.33643e-09 
10000 2.7 0.01 5000000 -4.3093e-08 0.836931 
5000 2.7 0.01 5000000 -4.43199e-08 0.836931 
2000 2.7 0.01 5000000 -7.35635e-08 0.836931 
1000 2.7 0.01 5000000 -1.22617e-07 0.836931 
500 2.7 0.01 5000000 -2.50351e-07 0.836931 
200 2.7 0.01 5000000 -6.60301e-07 0.836931 
100 2.7 0.01 5000000 -5.50397e-07 0.836931 
50 2.7 0.01 5000000 -8.90083e-07 0.836931 
20 2.7 0.01 5000000 -9.9471e-05 0.836931 
10 2.7 0.01 5000000 -0.00382524 0.0840166 
5 2.7 0.01 5000000 4.4105e-05 1.11072e-05 
2 2.7 0.01 5000000 -2.36292e-06 6.86106e-06 
1 2.7 0.01 5000000 8.62142e-08 3.76245e-07 
0.5 2.7 0.01 5000000 2.19172e-08 3.98371e-07 
0.2 2.7 0.01 5000000 3.63718e-09 2.11783e-07 
0.1 2.7 0.01 5000000 1.01215e-09 1.16555e-07 
0.05 2.7 0.01 5000000 3.11829e-10 6.54373e-08 
0.02 2.7 0.01 5000000 8.42805e-11 3.41443e-08 
0.01 2.7 0.01 5000000 4.03931e-11 2.3654e-08 
0.005 2.7 0.01 5000000 2.44353e-11 1.8402e-08 
0.002 2.7 0.01 5000000 1.67757e-11 1.52491e-08 
0.001 2.7 0.01 5000000 1.45416e-11 1.41979e-08 
0.0005 2.7 0.01 5000000 1.34845e-11 1.36723e-08 
0.0002 2.7 0.01 5000000 1.28693e-11 1.33569e-08 
0.0001 2.7 0.01 5000000 1.26674e-11 1.32518e-08 
20000 1.35 0.01 5000000 -6.62856e-08 0.836931 
10000 1.35 0.01 5000000 -4.4941e-08 0.836931 
4000 1.35 0.01 5000000 -4.01242e-08 0.836931 
2000 1.35 0.01 5000000 -5.21498e-08 0.836931 
1000 1.35 0.01 5000000 -6.81509e-08 0.836931 
400 1.35 0.01 5000000 -1.08784e-07 0.836931 
200 1.35 0.01 5000000 -8.3531e-08 0.836931 
100 1.35 0.01 5000000 -2.48217e-08 0.836931 
40 1.35 0.01 5000000 -1.72123e-08 0.836931 
20 1.35 0.01 5000000 -6.53219e-08 0.836931 
10 1.35 0.01 5000000 1.3846e-05 0.836931 
4 1.35 0.01 5000000 -0.00191005 0.000125512 
2 1.35 0.01 5000000 -1.95621e-05 8.07526e-06 
1 1.35 0.01 5000000 1.6936e-07 1.49366e-06 
0.4 1.35 0.01 5000000 2.77405e-08 1.3785e-06 
0.2 1.35 0.01 5000000 7.21039e-09 8.14391e-07 
0.1 1.35 0.01 5000000 2.00801e-09 4.47134e-07 
0.04 1.35 0.01 5000000 4.36525e-10 2.11003e-07 
0.02 1.35 0.01 5000000 1.6725e-10 1.30871e-07 
0.01 1.35 0.01 5000000 8.01588e-11 9.06592e-08 
0.004 1.35 0.01 5000000 4.31078e-11 6.65009e-08 
0.002 1.35 0.01 5000000 3.3291e-11 5.84443e-08 
0.001 1.35 0.01 5000000 2.88576e-11 5.44153e-08 
0.0004 1.35 0.01 5000000 2.63495e-11 5.19978e-08 
0.0002 1.35 0.01 5000000 2.55388e-11 5.11919e-08 
50000 0.54 0.01 5000000 -1.45774e-07 0.836931 
25000 0.54 0.01 5000000 -5.64806e-08 0.836931 
10000 0.54 0.01 5000000 -4.20512e-08 0.836931 
5000 0.54 0.01 5000000 -4.26616e-08 0.836931 
2500 0.54 0.01 5000000 -3.83515e-08 0.836931 
1000 0.54 0.01 5000000 -4.37755e-08 0.836931 
500 0.54 0.01 5000000 -4.06328e-08 0.836931 
250 0.54 0.01 5000000 -1.64613e-08 0.836931 
100 0.54 0.01 5000000 -1.40517e-09 0.836931 
50 0.54 0.01 5000000 1.53236e-10 0.836931 
25 0.54 0.01 5000000 1.3715e-09 0.836931 
10 0.54 0.01 5000000 2.03586e-08 0.836931 
5 0.54 0.01 5000000 0.00170851 0.167366 
2.5 0.54 0.01 5000000 0.00105223 0.0837131 
1 0.54 0.01 5000000 3.84709e-07 8.8705e-06 
0.5 0.54 0.01 5000000 1.02395e-07 8.03867e-06 
0.25 0.54 0.01 5000000 2.67341e-08 4.83679e-06 
0.1 0.54 0.01 5000000 4.89789e-09 2.1745e-06 
0.05 0.54 0.01 5000000 1.51131e-09 1.21713e-06 
0.025 0.54 0.01 5000000 5.44081e-10 7.31843e-07 
0.01 0.54 0.01 5000000 1.9588e-10 4.39444e-07 
0.005 0.54 0.01 5000000 1.18498e-10 3.41848e-07 
0.0025 0.54 0.01 5000000 8.70612e-11 2.93033e-07 
0.001 0.54 0.01 5000000 7.05202e-11 2.6374e-07 
0.0005 0.54 0.01 5000000 6.53934e-11 2.53974e-07 
100000 0.27 0.01 5000000 -3.05147e-07 0.836931 
50000 0.27 0.01 5000000 -1.23602e-07 0.836931 
20000 0.27 0.01 5000000 -5.84418e-08 0.836931 
10000 0.27 0.01 5000000 -4.02308e-08 0.836931 
5000 0.27 0.01 5000000 -4.04889e-08 0.836931 
2000 0.27 0.01 5000000 -3.67883e-08 0.836931 
1000 0.27 0.01 5000000 -3.49194e-08 0.836931 
500 0.27 0.01 5000000 -2.37459e-08 0.836931 
200 0.27 0.01 5000000 -2.03174e-09 0.836931 
100 0.27 0.01 5000000 -2.64533e-10 0.836931 
50 0.27 0.01 5000000 -6.72701e-11 0.836931 
20 0.27 0.01 5000000 5.7449e-10 0.836931 
10 0.27 0.01 5000000 -9.8462e-10 0.836911 
5 0.27 0.01 5000000 -8.7702e-06 0.16739 
2 0.27 0.01 5000000 -6.02535e-06 1.97842e-05 
1 0.27 0.01 5000000 6.40998e-07 2.50223e-05 
0.5 0.27 0.01 5000000 1.8618e-07 1.92879e-05 
0.2 0.27 0.01 5000000 3.32287e-08 9.11361e-06 
0.1 0.27 0.01 5000000 9.369e-09 4.92234e-06 
0.05 0.27 0.01 5000000 2.89666e-09 2.74946e-06 
0.02 0.27 0.01 5000000 7.83749e-10 1.43224e-06 
0.01 0.27 0.01 5000000 3.75696e-10 9.91891e-07 
0.005 0.27 0.01 5000000 2.27286e-10 7.71566e-07 
0.002 0.27 0.01 5000000 1.56044e-10 6.39336e-07 
0.001 0.27 0.01 5000000 1.35264e-10 5.95254e-07 
200000 0.135 0.01 5000000 6.79098e-07 0.836931 
100000 0.135 0.01 5000000 -1.76554e-07 0.836931 
40000 0.135 0.01 5000000 -1.08021e-07 0.836931 
20000 0.135 0.01 5000000 -5.73862e-08 0.836931 
10000 0.135 0.01 5000000 -4.72338e-08 0.836931 
4000 0.135 0.01 5000000 -4.51111e-08 0.836931 
2000 0.135 0.01 5000000 -3.66344e-08 0.836931 
1000 0.135 0.01 5000000 -2.99924e-08 0.836931 
400 0.135 0.01 5000000 -7.62393e-09 0.836931 
200 0.135 0.01 5000000 -8.09547e-10 0.836931 
100 0.135 0.01 5000000 -2.79616e-11 0.836931 
40 0.135 0.01 5000000 4.82234e-12 0.836931 
20 0.135 0.01 5000000 -3.95909e-11 0.836876 
10 0.135 0.01 5000000 -0.00147675 0.0849492 
4 0.135 0.01 5000000 -9.85849e-05 1.14384e-05 
2 0.135 0.01 5000000 -2.29992e-06 4.39919e-05 
1 0.135 0.01 5000000 9.37511e-07 4.48509e-05 
0.4 0.135 0.01 5000000 1.94519e-07 2.60147e-05 
0.2 0.135 0.01 5000000 5.36007e-08 1.41965e-05 
0.1 0.135 0.01 5000000 1.51769e-08 7.63238e-06 
0.04 0.135 0.01 5000000 3.31863e-09 3.58504e-06 
0.02 0.135 0.01 5000000 1.27152e-09 2.21765e-06 
0.01 0.135 0.01 5000000 6.09901e-10 1.53756e-06 
0.004 0.135 0.01 5000000 3.28112e-10 1.12833e-06 
0.002 0.135 0.01 5000000 2.53308e-10 9.90882e-07 
500000 0.054 0.01 5000000 4.31325e-07 0.836931 
250000 0.054 0.01 5000000 -8.98254e-07 0.836931 
100000 0.054 0.01 5000000 -3.27381e-07 0.836931 
50000 0.054 0.01 5000000 -1.74187e-07 0.836931 
25000 0.054 0.01 5000000 -7.15381e-08 0.836931 
10000 0.054 0.01 5000000 -3.89598e-08 0.836931 
5000 0.054 0.01 5000000 -4.89429e-08 0.836931 
2500 0.054 0.01 5000000 -4.0379e-08 0.836931 
1000 0.054 0.01 5000000 -2.21152e-08 0.836931 
500 0.054 0.01 5000000 -5.01394e-09 0.836931 
250 0.054 0.01 5000000 -5.04563e-10 0.836931 
100 0.054 0.01 5000000 6.03772e-12 0.836931 
50 0.054 0.01 5000000 7.05099e-11 0.836665 
25 0.054 0.01 5000000 -0.00134027 8.51046e-05 
10 0.054 0.01 5000000 -2.40129e-09 0.000106886 
5 0.054 0.01 5000000 -1.06006e-08 6.62093e-05 
2.5 0.054 0.01 5000000 -4.99084e-08 8.64502e-05 
1 0.054 0.01 5000000 1.03964e-06 0.00015061 
0.5 0.054 0.01 5000000 5.90099e-07 0.000215935 
0.25 0.054 0.01 5000000 1.37698e-06 0.000266082 
0.1 0.054 0.01 5000000 -1.63276e-06 0.000306041 
0.05 0.054 0.01 5000000 -2.25994e-06 0.00032145 
0.025 0.054 0.01 5000000 6.25329e-06 0.000329559 
0.01 0.054 0.01 5000000 -3.37941e-06 0.000335167 
0.005 0.054 0.01 5000000 -2.47459e-06 0.000336796 
1e+06 0.027 0.01 5000000 2.64236e-06 0.836931 
500000 0.027 0.01 5000000 -5.77311e-06 0.836931 
200000 0.027 0.01 5000000 -9.5305e-07 0.836931 
100000 0.027 0.01 5000000 -5.07973e-07 0.836931 
50000 0.027 0.01 5000000 -1.41188e-07 0.836931 
20000 0.027 0.01 5000000 -4.98338e-08 0.836931 
10000 0.027 0.01 5000000 -5.62621e-08 0.836931 
5000 0.027 0.01 5000000 -4.95026e-08 0.836931 
2000 0.027 0.01 5000000 -3.75968e-08 0.836931 
1000 0.027 0.01 5000000 -1.75324e-08 0.836931 
500 0.027 0.01 5000000 -1.8436e-09 0.836931 
200 0.027 0.01 5000000 -7.62234e-11 0.836931 
100 0.027 0.01 5000000 -2.01704e-11 0.835985 
50 0.027 0.01 5000000 2.6684e-09 0.0134748 
20 0.027 0.01 5000000 -2.28234e-20 7.57135e-05 
10 0.027 0.01 5000000 -3.7795e-17 4.58562e-05 
5 0.027 0.01 5000000 -1.9035e-20 5.94294e-05 
2 0.027 0.01 5000000 -4.29941e-14 0.000109833 
1 0.027 0.01 5000000 -2.84833e-12 0.000164377 
0.5 0.027 0.01 5000000 -7.94173e-12 0.00021967 
0.2 0.027 0.01 5000000 -1.37756e-10 0.000274764 
0.1 0.027 0.01 5000000 -6.56865e-10 0.000299546 
0.05 0.027 0.01 5000000 -1.75166e-10 0.000313599 
0.02 0.027 0.01 5000000 -6.92777e-13 0.000322644 
0.01 0.027 0.01 5000000 -8.96225e-10 0.000325769 
2e+06 0.0135 0.01 5000000 -2.36901e-05 0.836931 
1e+06 0.0135 0.01 5000000 -3.77528e-05 0.836931 
400000 0.0135 0.01 5000000 -1.07921e-05 0.836931 
200000 0.0135 0.01 5000000 -2.85515e-06 0.836931 
100000 0.0135 0.01 5000000 -1.10199e-06 0.836931 
40000 0.0135 0.01 5000000 -2.71208e-07 0.836931 
20000 0.0135 0.01 5000000 -1.13827e-07 0.836931 
10000 0.0135 0.01 5000000 -7.45609e-08 0.836931 
4000 0.0135 0.01 5000000 -5.34744e-08 0.836931 
2000 0.0135 0.01 5000000 -3.4486e-08 0.836931 
1000 0.0135 0.01 5000000 -1.2378e-08 0.836931 
400 0.0135 0.01 5000000 3.27745e-11 0.836931 
200 0.0135 0.01 5000000 1.87179e-10 0.833398 
100 0.0135 0.01 5000000 2.78339e-12 0.00309182 
40 0.0135 0.01 5000000 -5.75823e-16 4.08583e-05 
20 0.0135 0.01 5000000 -1.20117e-20 2.46054e-05 
10 0.0135 0.01 5000000 -3.62241e-20 3.21129e-05 
4 0.0135 0.01 5000000 -2.83492e-20 6.35678e-05 
2 0.0135 0.01 5000000 -6.37473e-19 0.000104687 
1 0.0135 0.01 5000000 -1.46346e-18 0.000155809 
0.4 0.0135 0.01 5000000 2.83788e-17 0.00021742 
0.2 0.0135 0.01 5000000 1.31224e-17 0.000248645 
0.1 0.0135 0.01 5000000 8.63304e-19 0.000267294 
0.04 0.0135 0.01 5000000 3.12468e-21 0.000279649 
0.02 0.0135 0.01 5000000 1.37085e-17 0.000283981 
5e+06 0.0054 0.01 5000000 0.00351709 0.50212 
2.5e+06 0.0054 0.01 5000000 0.00748704 0.83685 
1e+06 0.0054 0.01 5000000 -3.36656e-05 0.836931 
500000 0.0054 0.01 5000000 -3.99049e-05 0.836931 
250000 0.0054 0.01 5000000 -1.65465e-05 0.836931 
100000 0.0054 0.01 5000000 -2.94442e-06 0.836931 
50000 0.0054 0.01 5000000 -9.99497e-07 0.836931 
25000 0.0054 0.01 5000000 -3.47248e-07 0.836931 
10000 0.0054 0.01 5000000 -8.59011e-08 0.836931 
5000 0.0054 0.01 5000000 -5.78097e-08 0.836931 
2500 0.0054 0.01 5000000 -2.63667e-08 0.836931 
1000 0.0054 0.01 5000000 -3.25419e-09 0.836931 
500 0.0054 0.01 5000000 1.2596e-09 0.813422 
250 0.0054 0.01 5000000 9.41295e-14 0.000520288 
100 0.0054 0.01 5000000 -3.45456e-22 1.22896e-05 
50 0.0054 0.01 5000000 -3.2719e-21 7.38849e-06 
25 0.0054 0.01 5000000 2.25522e-23 9.72285e-06 
10 0.0054 0.01 5000000 6.17118e-22 2.03652e-05 
5 0.0054 0.01 5000000 9.65751e-22 3.66429e-05 
2.5 0.0054 0.01 5000000 6.39403e-21 6.0895e-05 
1 0.0054 0.01 5000000 4.31568e-21 9.51264e-05 
0.5 0.0054 0.01 5000000 1.02169e-20 0.00011409 
0.25 0.0054 0.01 5000000 4.04343e-20 0.000125835 
0.1 0.0054 0.01 5000000 7.28471e-20 0.000133771 
0.05 0.0054 0.01 5000000 1.68065e-20 0.000136581 
1e+07 0.0027 0.01 5000000 0.00380352 0.334727 
5e+06 0.0027 0.01 5000000 0.00432512 0.334726 
2e+06 0.0027 0.01 5000000 0.0103761 0.836817 
1e+06 0.0027 0.01 5000000 0.00691765 0.83686 
500000 0.0027 0.01 5000000 -2.27844e-05 0.836931 
200000 0.0027 0.01 5000000 -2.83459e-05 0.836931 
100000 0.0027 0.01 5000000 -9.67345e-06 0.836931 
50000 0.0027 0.01 5000000 -2.65549e-06 0.836931 
20000 0.0027 0.01 5000000 -5.34801e-07 0.836931 
10000 0.0027 0.01 5000000 -2.02041e-07 0.836931 
5000 0.0027 0.01 5000000 -7.98049e-08 0.836931 
2000 0.0027 0.01 5000000 -1.3348e-08 0.836931 
1000 0.0027 0.01 5000000 1.02122e-09 0.183834 
500 0.0027 0.01 5000000 4.84572e-14 0.000136965 
200 0.0027 0.01 5000000 -5.24187e-23 3.93666e-06 
100 0.0027 0.01 5000000 -1.22332e-24 2.36611e-06 
50 0.0027 0.01 5000000 4.52883e-24 3.12458e-06 
20 0.0027 0.01 5000000 1.70696e-23 6.69139e-06 
10 0.0027 0.01 5000000 7.00411e-23 1.24998e-05 
5 0.0027 0.01 5000000 4.67193e-23 2.18041e-05 
2 0.0027 0.01 5000000 1.22447e-22 3.57286e-05 
1 0.0027 0.01 5000000 9.61961e-23 4.36801e-05 
0.5 0.0027 0.01 5000000 1.23283e-22 4.86641e-05 
0.2 0.0027 0.01 5000000 1.14928e-22 5.20532e-05 
0.1 0.0027 0.01 5000000 1.17613e-22 5.32569e-05 
2e+07 0.00135 0.01 5000000 5.36291e-30 4.38425e-12 
1e+07 0.00135 0.01 5000000 1.36576e-19 0.0836931 
4e+06 0.00135 0.01 5000000 0.00775187 0.50207 
2e+06 0.00135 0.01 5000000 0.0133853 0.836784 
1e+06 0.00135 0.01 5000000 0.0103279 0.836819 
400000 0.00135 0.01 5000000 0.0057529 0.836882 
200000 0.00135 0.01 5000000 -3.51927e-05 0.836931 
100000 0.00135 0.01 5000000 -2.63885e-05 0.836931 
40000 0.00135 0.01 5000000 -5.84924e-06 0.836931 
20000 0.00135 0.01 5000000 -1.75074e-06 0.836931 
10000 0.00135 0.01 5000000 -5.18942e-07 0.836931 
4000 0.00135 0.01 5000000 -9.50498e-08 0.836931 
2000 0.00135 0.01 5000000 3.2673e-10 0.0473621 
1000 0.00135 0.01 5000000 -1.8229e-15 3.57135e-05 
400 0.00135 0.01 5000000 -7.22751e-24 1.12251e-06 
200 0.00135 0.01 5000000 -1.09924e-25 6.74642e-07 
100 0.00135 0.01 5000000 1.04325e-23 8.92587e-07 
40 0.00135 0.01 5000000 1.59257e-24 1.93422e-06 
20 0.00135 0.01 5000000 4.17875e-24 3.68852e-06 
10 0.00135 0.01 5000000 7.62013e-24 6.60934e-06 
4 0.00135 0.01 5000000 4.00228e-23 1.11135e-05 
2 0.00135 0.01 5000000 3.86207e-23 1.37245e-05 
1 0.00135 0.01 5000000 1.79527e-23 1.53706e-05 
0.4 0.00135 0.01 5000000 5.57416e-23 1.64934e-05 
0.2 0.00135 0.01 5000000 1.9748e-23 1.68928e-05 
5e+07 0.00054 0.01 5000000 1.41785e-19 0.0836931 
2.5e+07 0.00054 0.01 5000000 9.49239e-20 0.0836931 
1e+07 0.00054 0.01 5000000 -4.81456e-19 0.0836931 
5e+06 0.00054 0.01 5000000 2.50442e-19 0.0836931 
2.5e+06 0.00054 0.01 5000000 1.41837e-18 0.0836931 
1e+06 0.00054 0.01 5000000 0.0137347 0.836777 
500000 0.00054 0.01 5000000 0.0109102 0.836807 
250000 0.00054 0.01 5000000 0.00779748 0.836843 
100000 0.00054 0.01 5000000 -1.03441e-05 0.836931 
50000 0.00054 0.01 5000000 -3.14999e-05 0.836931 
25000 0.00054 0.01 5000000 -1.24626e-05 0.836931 
10000 0.00054 0.01 5000000 -2.34558e-06 0.836931 
5000 0.00054 0.01 5000000 4.24729e-11 0.00711408 
2500 0.00054 0.01 5000000 -1.07992e-15 6.02811e-06 
1000 0.00054 0.01 5000000 -4.91788e-25 1.94831e-07 
500 0.00054 0.01 5000000 -4.89844e-27 1.17093e-07 
250 0.00054 0.01 5000000 5.25766e-26 1.55104e-07 
100 0.00054 0.01 5000000 1.51794e-25 3.38582e-07 
50 0.00054 0.01 5000000 3.07172e-25 6.54147e-07 
25 0.00054 0.01 5000000 5.68422e-25 1.19226e-06 
10 0.00054 0.01 5000000 9.79021e-25 2.03727e-06 
5 0.00054 0.01 5000000 1.22083e-24 2.5315e-06 
2.5 0.00054 0.01 5000000 3.86244e-24 2.84417e-06 
1 0.00054 0.01 5000000 1.47922e-24 3.05782e-06 
0.5 0.00054 0.01 5000000 1.51672e-24 3.13389e-06 
1e+08 0.00027 0.01 5000000 4.33415e-32 1.7537e-13 
5e+07 0.00027 0.01 5000000 8.67779e-32 3.5074e-13 
2e+07 0.00027 0.01 5000000 2.1691e-31 8.7685e-13 
1e+07 0.00027 0.01 5000000 3.41167e-22 0.0836931 
5e+06 0.00027 0.01 5000000 -6.10477e-19 0.0836931 
2e+06 0.00027 0.01 5000000 3.48096e-19 0.0836931 
1e+06 0.00027 0.01 5000000 0.0140916 0.836768 
500000 0.00027 0.01 5000000 0.0141583 0.836767 
200000 0.00027 0.01 5000000 0.00299839 0.418432 
100000 0.00027 0.01 5000000 0.00777346 0.836842 
50000 0.00027 0.01 5000000 -1.13243e-05 0.836931 
20000 0.00027 0.01 5000000 -2.59423e-05 0.836929 
10000 0.00027 0.01 5000000 -1.90789e-11 0.00177159 
5000 0.00027 0.01 5000000 -1.28434e-20 1.54775e-06 
2000 0.00027 0.01 5000000 -6.27676e-26 5.00678e-08 
1000 0.00027 0.01 5000000 -5.11451e-28 3.00907e-08 
500 0.00027 0.01 5000000 6.88366e-27 3.98748e-08 
200 0.00027 0.01 5000000 1.98111e-26 8.72608e-08 
100 0.00027 0.01 5000000 8.82235e-26 1.69344e-07 
50 0.00027 0.01 5000000 7.46569e-26 3.10453e-07 
20 0.00027 0.01 5000000 1.29249e-25 5.33388e-07 
10 0.00027 0.01 5000000 1.61652e-25 6.64165e-07 
5 0.00027 0.01 5000000 1.82294e-25 7.46992e-07 
2 0.00027 0.01 5000000 1.96483e-25 8.03623e-07 
1 0.00027 0.01 5000000 2.79758e-25 8.23791e-07 
2e+08 0.000135 0.01 5000000 5.44123e-33 4.38425e-14 
1e+08 0.000135 0.01 5000000 1.08702e-32 8.7685e-14 
4e+07 0.000135 0.01 5000000 2.7157e-32 2.19212e-13 
2e+07 0.000135 0.01 5000000 5.43049e-32 4.38425e-13 
1e+07 0.000135 0.01 5000000 -2.98685e-19 0.0836931 
4e+06 0.000135 0.01 5000000 -1.36456e-18 0.0836931 
2e+06 0.000135 0.01 5000000 1.13795e-18 0.0836931 
1e+06 0.000135 0.01 5000000 3.1138e-18 0.0836931 
400000 0.000135 0.01 5000000 0.0146278 0.836756 
200000 0.000135 0.01 5000000 0.00299498 0.251046 
100000 0.000135 0.01 5000000 0.0031107 0.41843 
40000 0.000135 0.01 5000000 0.00131799 0.502145 
20000 0.000135 0.01 5000000 -1.66125e-12 0.000442625 
10000 0.000135 0.01 5000000 -1.96332e-23 3.92334e-07 
4000 0.000135 0.01 5000000 -7.9282e-27 1.26915e-08 
2000 0.000135 0.01 5000000 -5.73955e-29 7.62756e-09 
1000 0.000135 0.01 5000000 8.80571e-28 1.01097e-08 
400 0.000135 0.01 5000000 2.53046e-27 2.21516e-08 
200 0.000135 0.01 5000000 5.13598e-27 4.30857e-08 
100 0.000135 0.01 5000000 9.5265e-27 7.92207e-08 
40 0.000135 0.01 5000000 1.6532e-26 1.36483e-07 
20 0.000135 0.01 5000000 2.07377e-26 1.70123e-07 
10 0.000135 0.01 5000000 2.34384e-26 1.91441e-07 
4 0.000135 0.01 5000000 2.5303e-26 2.06021e-07 
2 0.000135 0.01 5000000 2.59704e-26 2.11215e-07 
5e+08 5.4e-05 0.01 5000000 3.47452e-34 7.01481e-15 
2.5e+08 5.4e-05 0.01 5000000 6.98086e-34 1.40296e-14 
1e+08 5.4e-05 0.01 5000000 1.74072e-33 3.50739e-14 
5e+07 5.4e-05 0.01 5000000 3.47995e-33 7.01478e-14 
2.5e+07 5.4e-05 0.01 5000000 6.95727e-33 1.40296e-13 
1e+07 5.4e-05 0.01 5000000 -1.08545e-18 0.0836931 
5e+06 5.4e-05 0.01 5000000 -1.18948e-18 0.0836931 
2.5e+06 5.4e-05 0.01 5000000 -1.71588e-19 0.0836931 
1e+06 5.4e-05 0.01 5000000 -2.66057e-18 0.0836931 
500000 5.4e-05 0.01 5000000 -5.58714e-18 0.0836931 
250000 5.4e-05 0.01 5000000 3.37663e-18 0.0836931 
100000 5.4e-05 0.01 5000000 0.00547796 0.464534 
50000 5.4e-05 0.01 5000000 6.94735e-13 7.11014e-05 
25000 5.4e-05 0.01 5000000 -1.26081e-24 6.33772e-08 
10000 5.4e-05 0.01 5000000 -5.10816e-28 2.04789e-09 
5000 5.4e-05 0.01 5000000 -3.44303e-30 1.23064e-09 
2500 5.4e-05 0.01 5000000 5.71345e-29 1.63129e-09 
1000 5.4e-05 0.01 5000000 1.64046e-28 3.57705e-09 
500 5.4e-05 0.01 5000000 3.31699e-28 6.96696e-09 
250 5.4e-05 0.01 5000000 6.08882e-28 1.28327e-08 
100 5.4e-05 0.01 5000000 1.05742e-27 2.2145e-08 
50 5.4e-05 0.01 5000000 4.49107e-27 2.76207e-08 
25 5.4e-05 0.01 5000000 1.51747e-27 3.10918e-08 
10 5.4e-05 0.01 5000000 1.64486e-27 3.34662e-08 
5 5.4e-05 0.01 5000000 1.69077e-27 3.4312e-08 
1e+09 2.7e-05 0.01 5000000 4.42757e-35 1.75369e-15 
5e+08 2.7e-05 0.01 5000000 8.77544e-35 3.50737e-15 
2e+08 2.7e-05 0.01 5000000 2.18179e-34 8.76844e-15 
1e+08 2.7e-05 0.01 5000000 4.35583e-34 1.75369e-14 
5e+07 2.7e-05 0.01 5000000 8.70354e-34 3.50737e-14 
2e+07 2.7e-05 0.01 5000000 -8.47705e-19 0.0836931 
1e+07 2.7e-05 0.01 5000000 -1.11568e-19 0.0836931 
5e+06 2.7e-05 0.01 5000000 7.58231e-19 0.0836931 
2e+06 2.7e-05 0.01 5000000 5.96346e-19 0.0836931 
1e+06 2.7e-05 0.01 5000000 -3.9116e-19 0.0836931 
500000 2.7e-05 0.01 5000000 5.09442e-18 0.0836931 
200000 2.7e-05 0.01 5000000 0.0033864 0.253048 
100000 2.7e-05 0.01 5000000 1.5243e-13 1.75083e-05 
50000 2.7e-05 0.01 5000000 -2.26082e-25 1.60077e-08 
20000 2.7e-05 0.01 5000000 -6.42618e-29 5.14253e-10 
10000 2.7e-05 0.01 5000000 -4.33667e-31 3.08552e-10 
5000 2.7e-05 0.01 5000000 7.16948e-30 4.08979e-10 
2000 2.7e-05 0.01 5000000 2.05922e-29 8.9702e-10 
1000 2.7e-05 0.01 5000000 3.16963e-28 1.7479e-09 
500 2.7e-05 0.01 5000000 7.43089e-29 3.22142e-09 
200 2.7e-05 0.01 5000000 1.28923e-28 5.56218e-09 
100 2.7e-05 0.01 5000000 1.64582e-28 6.93895e-09 
50 2.7e-05 0.01 5000000 1.88702e-28 7.81183e-09 
20 2.7e-05 0.01 5000000 2.05889e-28 8.40895e-09 
10 2.7e-05 0.01 5000000 2.1214e-28 8.62166e-09 
2e+09 1.35e-05 0.01 5000000 5.29824e-36 4.38429e-16 
1e+09 1.35e-05 0.01 5000000 1.09971e-35 8.76844e-16 
4e+08 1.35e-05 0.01 5000000 2.73549e-35 2.1921e-15 
2e+08 1.35e-05 0.01 5000000 5.45802e-35 4.38419e-15 
1e+08 1.35e-05 0.01 5000000 1.08971e-34 8.76836e-15 
4e+07 1.35e-05 0.01 5000000 2.72023e-34 2.19209e-14 
2e+07 1.35e-05 0.01 5000000 5.43798e-34 4.38418e-14 
1e+07 1.35e-05 0.01 5000000 2.17808e-18 0.0836931 
4e+06 1.35e-05 0.01 5000000 -2.68695e-18 0.0836931 
2e+06 1.35e-05 0.01 5000000 1.20299e-18 0.0836931 
1e+06 1.35e-05 0.01 5000000 -6.25122e-18 0.0836931 
400000 1.35e-05 0.01 5000000 -0.000572159 0.0836956 
200000 1.35e-05 0.01 5000000 2.22893e-14 3.06019e-06 
100000 1.35e-05 0.01 5000000 -2.01479e-26 3.65581e-09 
40000 1.35e-05 0.01 5000000 -8.09779e-30 1.28939e-10 
20000 1.35e-05 0.01 5000000 -6.35339e-32 7.73741e-11 
10000 1.35e-05 0.01 5000000 8.96031e-31 1.02412e-10 
4000 1.35e-05 0.01 5000000 2.57862e-30 2.246e-10 
2000 1.35e-05 0.01 5000000 5.16369e-28 4.37746e-10 
1000 1.35e-05 0.01 5000000 8.76075e-30 8.07015e-10 
400 1.35e-05 0.01 5000000 1.5153e-29 1.39379e-09 
200 1.35e-05 0.01 5000000 1.97982e-29 1.73898e-09 
100 1.35e-05 0.01 5000000 2.31229e-29 1.95783e-09 
40 1.35e-05 0.01 5000000 2.55691e-29 2.10756e-09 
20 1.35e-05 0.01 5000000 2.64724e-29 2.1609e-09 
5e+09 5.4e-06 0.01 5000000 3.06461e-37 7.01499e-17 
2.5e+09 5.4e-06 0.01 5000000 7.22867e-37 1.40294e-16 
1e+09 5.4e-06 0.01 5000000 1.78111e-36 3.50731e-16 
5e+08 5.4e-06 0.01 5000000 3.5338e-36 7.01457e-16 
2.5e+08 5.4e-06 0.01 5000000 7.02423e-36 1.40291e-15 
1e+08 5.4e-06 0.01 5000000 1.74606e-35 3.50726e-15 
5e+07 5.4e-06 0.01 5000000 3.48542e-35 7.01451e-15 
2.5e+07 5.4e-06 0.01 5000000 6.96453e-35 1.4029e-14 
1e+07 5.4e-06 0.01 5000000 5.67775e-05 0.0836931 
5e+06 5.4e-06 0.01 5000000 -5.80834e-07 0.0836931 
2.5e+06 5.4e-06 0.01 5000000 -6.08058e-05 0.0836858 
1e+06 5.4e-06 0.01 5000000 -1.87528e-08 8.18415e-06 
500000 5.4e-06 0.01 5000000 1.78402e-17 1.56763e-08 
250000 5.4e-06 0.01 5000000 -5.10955e-28 2.6072e-10 
100000 5.4e-06 0.01 5000000 -4.5926e-31 1.9091e-11 
50000 5.4e-06 0.01 5000000 -6.94496e-33 1.24522e-11 
25000 5.4e-06 0.01 5000000 5.58883e-32 1.64142e-11 
10000 5.4e-06 0.01 5000000 1.64931e-31 3.59783e-11 
5000 5.4e-06 0.01 5000000 3.09202e-31 7.01133e-11 
2500 5.4e-06 0.01 5000000 4.55355e-31 1.2928e-10 
1000 5.4e-06 0.01 5000000 7.77377e-31 2.23316e-10 
500 5.4e-06 0.01 5000000 1.10845e-30 2.78641e-10 
250 5.4e-06 0.01 5000000 1.37916e-30 3.13721e-10 
100 5.4e-06 0.01 5000000 1.59146e-30 3.37721e-10 
50 5.4e-06 0.01 5000000 1.67232e-30 3.4627e-10 
1e+10 2.7e-06 0.01 5000000 6.36045e-38 1.7536e-17 
5e+09 2.7e-06 0.01 5000000 1.05694e-37 3.50719e-17 
2e+09 2.7e-06 0.01 5000000 2.36577e-37 8.76799e-17 
1e+09 2.7e-06 0.01 5000000 4.5896e-37 1.75357e-16 
5e+08 2.7e-06 0.01 5000000 8.94919e-37 3.50713e-16 
2e+08 2.7e-06 0.01 5000000 2.20307e-36 8.76778e-16 
1e+08 2.7e-06 0.01 5000000 4.3768e-36 1.75356e-15 
5e+07 2.7e-06 0.01 5000000 8.7246e-36 3.50711e-15 
2e+07 2.7e-06 0.01 5000000 -0.000137994 2.13526e-06 
1e+07 2.7e-06 0.01 5000000 -0.000460777 0.000660097 
5e+06 2.7e-06 0.01 5000000 -0.000560606 2.76672e-06 
2e+06 2.7e-06 0.01 5000000 -1.37741e-10 7.49169e-10 
1e+06 2.7e-06 0.01 5000000 -3.02102e-26 5.97625e-11 
500000 2.7e-06 0.01 5000000 -1.16405e-29 1.14218e-11 
200000 2.7e-06 0.01 5000000 -4.77715e-32 3.65844e-12 
100000 2.7e-06 0.01 5000000 -2.11507e-33 3.07397e-12 
50000 2.7e-06 0.01 5000000 6.39279e-33 4.14707e-12 
20000 2.7e-06 0.01 5000000 2.04875e-32 9.01296e-12 
10000 2.7e-06 0.01 5000000 3.51461e-32 1.75339e-11 
5000 2.7e-06 0.01 5000000 3.48081e-32 3.23325e-11 
2000 2.7e-06 0.01 5000000 5.67758e-32 5.58536e-11 
1000 2.7e-06 0.01 5000000 1.05099e-31 6.9693e-11 
500 2.7e-06 0.01 5000000 1.50936e-31 7.84686e-11 
200 2.7e-06 0.01 5000000 1.89088e-31 8.44725e-11 
100 2.7e-06 0.01 5000000 2.03996e-31 8.66114e-11 
2e+10 1.35e-06 0.01 5000000 9.88626e-39 4.38399e-18 
1e+10 1.35e-06 0.01 5000000 1.54167e-38 8.76799e-18 
4e+09 1.35e-06 0.01 5000000 3.61908e-38 2.19185e-17 
2e+09 1.35e-06 0.01 5000000 6.61738e-38 4.38354e-17 
1e+09 1.35e-06 0.01 5000000 1.20663e-37 8.76709e-17 
4e+08 1.35e-06 0.01 5000000 2.83793e-37 2.19177e-16 
2e+08 1.35e-06 0.01 5000000 5.55481e-37 4.38353e-16 
1e+08 1.35e-06 0.01 5000000 1.09982e-36 8.76704e-16 
4e+07 1.35e-06 0.01 5000000 2.72941e-36 2.19176e-15 
2e+07 1.35e-06 0.01 5000000 5.44727e-36 4.38352e-15 
1e+07 1.35e-06 0.01 5000000 -0.000125881 1.40005e-07 
4e+06 1.35e-06 0.01 5000000 -2.18931e-15 3.44081e-12 
2e+06 1.35e-06 0.01 5000000 -7.73984e-28 1.42526e-12 
1e+06 1.35e-06 0.01 5000000 -6.64045e-31 8.42551e-13 
400000 1.35e-06 0.01 5000000 -7.13257e-33 6.45464e-13 
200000 1.35e-06 0.01 5000000 -8.9413e-34 7.37397e-13 
100000 1.35e-06 0.01 5000000 6.58167e-34 1.11148e-12 
40000 1.35e-06 0.01 5000000 2.57963e-33 2.34175e-12 
20000 1.35e-06 0.01 5000000 3.51089e-33 4.3837e-12 
10000 1.35e-06 0.01 5000000 -1.18547e-33 8.08389e-12 
4000 1.35e-06 0.01 5000000 -3.01715e-33 1.39659e-11 
2000 1.35e-06 0.01 5000000 4.75654e-33 1.74269e-11 
1000 1.35e-06 0.01 5000000 1.34846e-32 1.96216e-11 
400 1.35e-06 0.01 5000000 2.11514e-32 2.11233e-11 
200 1.35e-06 0.01 5000000 2.42117e-32 2.16582e-11 
5e+10 5.4e-07 0.01 5000000 1.01333e-39 7.01439e-19 
2.5e+10 5.4e-07 0.01 5000000 1.32269e-39 1.40288e-18 
1e+10 5.4e-07 0.01 5000000 6.29228e-39 3.506e-18 
5e+09 5.4e-07 0.01 5000000 7.9307e-39 7.01199e-18 
2.5e+09 5.4e-07 0.01 5000000 1.14757e-38 1.4024e-17 
1e+09 5.4e-07 0.01 5000000 2.18778e-38 3.50594e-17 
5e+08 5.4e-07 0.01 5000000 3.96336e-38 7.01187e-17 
2.5e+08 5.4e-07 0.01 5000000 7.40845e-38 1.40237e-16 
1e+08 5.4e-07 0.01 5000000 1.78574e-37 3.50593e-16 
5e+07 5.4e-07 0.01 5000000 3.52455e-37 7.01185e-16 
2.5e+07 5.4e-07 0.01 5000000 7.00194e-37 1.40237e-15 
1e+07 5.4e-07 0.01 5000000 -4.9217e-15 7.04641e-14 
5e+06 5.4e-07 0.01 5000000 -1.65546e-28 6.9699e-14 
2.5e+06 5.4e-07 0.01 5000000 -6.84056e-32 7.75331e-14 
1e+06 5.4e-07 0.01 5000000 -1.2584e-33 9.23576e-14 
500000 5.4e-07 0.01 5000000 -2.79546e-34 1.24244e-13 
250000 5.4e-07 0.01 5000000 -7.47069e-35 1.89256e-13 
100000 5.4e-07 0.01 5000000 1.09744e-34 3.8169e-13 
50000 5.4e-07 0.01 5000000 5.17013e-35 6.99666e-13 
25000 5.4e-07 0.01 5000000 -1.13955e-33 1.29246e-12 
10000 5.4e-07 0.01 5000000 -2.13618e-33 2.23444e-12 
5000 5.4e-07 0.01 5000000 -1.30623e-33 2.78834e-12 
2500 5.4e-07 0.01 5000000 -1.71293e-34 3.13972e-12 
1000 5.4e-07 0.01 5000000 8.7551e-34 3.38014e-12 
500 5.4e-07 0.01 5000000 1.30194e-33 3.4658e-12 
1e+11 2.7e-07 0.01 5000000 2.08495e-40 1.7536e-19 
5e+10 2.7e-07 0.01 5000000 2.47878e-40 3.50719e-19 
2e+10 2.7e-07 0.01 5000000 2.26476e-39 8.76199e-19 
1e+10 2.7e-07 0.01 5000000 2.41604e-39 1.7524e-18 
5e+09 2.7e-07 0.01 5000000 3.03633e-39 3.5045e-18 
2e+09 2.7e-07 0.01 5000000 4.44623e-39 8.76139e-18 
1e+09 2.7e-07 0.01 5000000 6.63392e-39 1.75225e-17 
5e+08 2.7e-07 0.01 5000000 1.09452e-38 3.50447e-17 
2e+08 2.7e-07 0.01 5000000 2.39714e-38 8.76112e-17 
1e+08 2.7e-07 0.01 5000000 4.56435e-38 1.75222e-16 
5e+07 2.7e-07 0.01 5000000 8.93043e-38 3.50445e-16 
2e+07 2.7e-07 0.01 5000000 -6.8303e-15 -1.01981e-15 
1e+07 2.7e-07 0.01 5000000 -4.72924e-29 1.14562e-14 
5e+06 2.7e-07 0.01 5000000 -2.19152e-32 1.7275e-14 
2e+06 2.7e-07 0.01 5000000 -4.7492e-34 2.31505e-14 
1e+06 2.7e-07 0.01 5000000 -1.20789e-34 3.21818e-14 
500000 2.7e-07 0.01 5000000 -5.75036e-35 4.7338e-14 
200000 2.7e-07 0.01 5000000 -7.28882e-36 9.52487e-14 
100000 2.7e-07 0.01 5000000 -3.08591e-35 1.75722e-13 
50000 2.7e-07 0.01 5000000 -3.63667e-34 3.23414e-13 
20000 2.7e-07 0.01 5000000 -6.71693e-34 5.58503e-13 
10000 2.7e-07 0.01 5000000 -4.98784e-34 6.97e-13 
5000 2.7e-07 0.01 5000000 -2.37017e-34 7.84886e-13 
2000 2.7e-07 0.01 5000000 9.66909e-36 8.45037e-13 
1000 2.7e-07 0.01 5000000 1.10531e-34 8.66475e-13 
