0.1 0.0001 1e-08 999999 3.99775e-32 2.19176e-13 
0.1 0.0002 1e-08 999999 3.09733e-31 8.57276e-13 
0.1 0.0005 1e-08 999999 4.64073e-30 5.27323e-12 
0.1 0.001 1e-08 999999 1.08001e-28 1.83571e-11 
0.1 0.002 1e-08 999999 1.39376e-27 5.61579e-11 
0.1 0.005 1e-08 999999 6.83647e-26 1.71285e-10 
0.1 0.01 1e-08 999999 -6.09109e-24 2.67093e-10 
0.1 0.02 1e-08 999999 -3.31471e-15 3.04638e-10 
0.1 0.05 1e-08 999999 2.02323e-12 3.1014e-10 
0.1 0.1 1e-08 999999 3.0915e-14 2.02126e-11 
0.1 0.2 1e-08 999999 1.52482e-14 5.49397e-12 
0.1 0.5 1e-08 999999 8.00854e-15 2.16595e-12 
0.1 1 1e-08 999999 4.22814e-15 6.95668e-13 
0.2 0.0001 1e-08 999999 3.99745e-32 2.19169e-13 
0.2 0.0002 1e-08 999999 3.61401e-31 8.59825e-13 
0.2 0.0005 1e-08 999999 4.62735e-30 5.25734e-12 
0.2 0.001 1e-08 999999 1.11952e-28 1.82178e-11 
0.2 0.002 1e-08 999999 2.14928e-28 5.51935e-11 
0.2 0.005 1e-08 999999 2.71512e-26 1.64795e-10 
0.2 0.01 1e-08 999999 -9.17587e-23 2.50871e-10 
0.2 0.02 1e-08 999999 -1.75789e-16 2.80426e-10 
0.2 0.05 1e-08 999999 -4.9858e-13 2.82225e-10 
0.2 0.1 1e-08 999999 9.03016e-14 2.4576e-11 
0.2 0.2 1e-08 999999 6.07555e-14 1.08113e-11 
0.2 0.5 1e-08 999999 3.21298e-14 4.22633e-12 
0.2 1 1e-08 999999 1.70213e-14 1.3481e-12 
0.5 0.0001 1e-08 999999 5.82338e-32 2.19146e-13 
0.5 0.0002 1e-08 999999 3.12929e-31 8.63978e-13 
0.5 0.0005 1e-08 999999 4.60903e-30 5.23169e-12 
0.5 0.001 1e-08 999999 2.99122e-29 1.77287e-11 
0.5 0.002 1e-08 999999 1.6223e-28 5.24192e-11 
0.5 0.005 1e-08 999999 1.55976e-25 1.47343e-10 
0.5 0.01 1e-08 999999 -1.19856e-23 2.10757e-10 
0.5 0.02 1e-08 999999 -1.6397e-16 2.2552e-10 
0.5 0.05 1e-08 999999 -1.98405e-12 2.19186e-10 
0.5 0.1 1e-08 999999 5.74388e-13 6.29195e-11 
0.5 0.2 1e-08 999999 3.69496e-13 2.42e-11 
0.5 0.5 1e-08 999999 2.03439e-13 8.92313e-12 
0.5 1 1e-08 999999 1.09754e-13 2.72106e-12 
1 0.0001 1e-08 999999 3.99501e-32 2.19108e-13 
1 0.0002 1e-08 999999 3.12502e-31 8.63204e-13 
1 0.0005 1e-08 999999 4.44243e-30 5.05263e-12 
1 0.001 1e-08 999999 2.85464e-29 1.69308e-11 
1 0.002 1e-08 999999 1.96959e-27 4.82014e-11 
1 0.005 1e-08 999999 2.71989e-25 1.23909e-10 
1 0.01 1e-08 999999 -1.79047e-23 1.64106e-10 
1 0.02 1e-08 999999 -3.56273e-15 1.69188e-10 
1 0.05 1e-08 999999 1.01269e-12 1.53068e-10 
1 0.1 1e-08 999999 -8.5041e-12 1.31948e-10 
1 0.2 1e-08 999999 1.33406e-12 3.37903e-11 
1 0.5 1e-08 999999 7.93488e-13 1.0248e-11 
1 1 1e-08 999999 4.40176e-13 2.76013e-12 
2 0.0001 1e-08 999999 3.99183e-32 2.19028e-13 
2 0.0002 1e-08 999999 3.11516e-31 8.61377e-13 
2 0.0005 1e-08 999999 4.25203e-30 4.83626e-12 
2 0.001 1e-08 999999 2.6208e-29 1.55496e-11 
2 0.002 1e-08 999999 5.7841e-28 4.11334e-11 
2 0.005 1e-08 999999 5.05598e-27 9.17134e-11 
2 0.01 1e-08 999999 -1.4427e-24 1.11618e-10 
2 0.02 1e-08 999999 -9.60199e-19 1.12739e-10 
2 0.05 1e-08 999999 -1.18836e-12 8.43723e-11 
2 0.1 1e-08 999999 -1.10385e-12 5.72642e-11 
2 0.2 1e-08 999999 -7.79644e-11 3.35959e-11 
2 0.5 1e-08 999999 -1.68541e-09 1.01809e-10 
2 1 1e-08 999999 -1.64803e-10 1.70717e-11 
5 0.0001 1e-08 999999 3.98134e-32 2.18746e-13 
5 0.0002 1e-08 999999 3.03401e-31 8.44208e-13 
5 0.0005 1e-08 999999 3.72427e-30 4.23939e-12 
5 0.001 1e-08 999999 1.36874e-28 1.21937e-11 
5 0.002 1e-08 999999 3.70996e-28 2.72498e-11 
5 0.005 1e-08 999999 4.40564e-28 4.86816e-11 
5 0.01 1e-08 999999 -6.09145e-24 5.64945e-11 
5 0.02 1e-08 999999 -4.74467e-19 5.88038e-11 
5 0.05 1e-08 999999 -1.47366e-11 2.28752e-11 
5 0.1 1e-08 999999 -4.73612e-11 8.2773e-12 
5 0.2 1e-08 999999 -2.79969e-09 1.94632e-10 
5 0.5 1e-08 999999 -1.32312e-05 9.51179e-07 
5 1 1e-08 999999 -7.59717e-08 5.37256e-09 
10 0.0001 1e-08 999999 3.95848e-32 2.18043e-13 
10 0.0002 1e-08 999999 2.75464e-31 7.63091e-13 
10 0.0005 1e-08 999999 8.22422e-30 3.4617e-12 
10 0.001 1e-08 999999 1.43953e-29 8.58705e-12 
10 0.002 1e-08 999999 1.23958e-28 1.63693e-11 
10 0.005 1e-08 999999 -3.17269e-28 2.69107e-11 
10 0.01 1e-08 999999 -4.18333e-27 3.24732e-11 
10 0.02 1e-08 999999 -1.81973e-24 3.9159e-11 
10 0.05 1e-08 999999 -7.12638e-11 9.92254e-12 
10 0.1 1e-08 999999 -6.06948e-09 4.28927e-10 
10 0.2 1e-08 999999 -7.09526e-06 2.18309e-08 
10 0.5 1e-08 999999 -0.00557696 0.000440885 
10 1 1e-08 999999 9.80791e-07 4.25923e-06 
20 0.0001 1e-08 999999 3.56943e-32 1.99231e-13 
20 0.0002 1e-08 999999 2.33332e-31 6.46748e-13 
20 0.0005 1e-08 999999 2.73077e-30 2.44041e-12 
20 0.001 1e-08 999999 8.39724e-30 5.04379e-12 
20 0.002 1e-08 999999 2.43353e-29 8.7136e-12 
20 0.005 1e-08 999999 -3.80481e-27 1.49442e-11 
20 0.01 1e-08 999999 -2.05907e-25 2.12252e-11 
20 0.02 1e-08 999999 -1.35186e-19 4.25738e-11 
20 0.05 1e-08 999999 -4.90127e-09 2.52612e-10 
20 0.1 1e-08 999999 -0.000450063 1.62248e-05 
20 0.2 1e-08 999999 0.00479257 0.426408 
20 0.5 1e-08 999999 0.00182102 0.0838417 
20 1 1e-08 999999 -0.00256101 0.000205601 
50 0.0001 1e-08 999999 3.66449e-32 1.49241e-13 
50 0.0002 1e-08 999999 2.74557e-31 4.19997e-13 
50 0.0005 1e-08 999999 8.47802e-31 1.1289e-12 
50 0.001 1e-08 999999 3.30179e-30 2.08124e-12 
50 0.002 1e-08 999999 3.39033e-29 3.86176e-12 
50 0.005 1e-08 999999 -1.91991e-29 9.12025e-12 
50 0.01 1e-08 999999 -2.30518e-27 2.94979e-11 
50 0.02 1e-08 999999 -2.30984e-14 3.66534e-10 
50 0.05 1e-08 999999 -0.000415328 0.0838564 
50 0.1 1e-08 999999 3.0827e-05 1.67354 
50 0.2 1e-08 999999 -0.00682232 0.586782 
50 0.5 1e-08 999999 0.00154494 0.419028 
50 1 1e-08 999999 0.00322054 0.0839576 
100 0.0001 1e-08 999999 1.65679e-32 9.47199e-14 
100 0.0002 1e-08 999999 7.55534e-32 2.17685e-13 
100 0.0005 1e-08 999999 4.8161e-31 5.81457e-13 
100 0.001 1e-08 999999 1.58066e-30 1.13607e-12 
100 0.002 1e-08 999999 8.58725e-31 2.44806e-12 
100 0.005 1e-08 999999 -2.92541e-29 1.34346e-11 
100 0.01 1e-08 999999 -9.75632e-22 1.99274e-10 
100 0.02 1e-08 999999 -4.43871e-05 1.24424e-06 
100 0.05 1e-08 999999 -0.00795898 0.83769 
100 0.1 1e-08 999999 -0.000224814 0.920994 
100 0.2 1e-08 999999 -0.0071565 0.754237 
100 0.5 1e-08 999999 -0.0082643 0.837136 
100 1 1e-08 999999 0.00616697 0.251826 
200 0.0001 1e-08 999999 7.61105e-33 4.76777e-14 
200 0.0002 1e-08 999999 3.55508e-32 1.12388e-13 
200 0.0005 1e-08 999999 2.23301e-31 3.18208e-13 
200 0.001 1e-08 999999 4.7358e-31 7.33759e-13 
200 0.002 1e-08 999999 -2.4641e-28 2.66806e-12 
200 0.005 1e-08 999999 -1.39932e-21 9.0438e-11 
200 0.01 1e-08 999999 8.30077e-10 2.6675e-08 
200 0.02 1e-08 999999 -0.00013584 0.0837831 
200 0.05 1e-08 999999 -0.0223102 0.420422 
200 0.1 1e-08 999999 -0.0114279 0.503259 
200 0.2 1e-08 999999 -0.00370165 0.75391 
200 0.5 1e-08 999999 -0.000533543 0.837494 
200 1 1e-08 999999 0.00720422 0.419331 
500 0.0001 1e-08 999999 1.3197e-33 1.98789e-14 
500 0.0002 1e-08 999999 8.13697e-33 5.18116e-14 
500 0.0005 1e-08 999999 -6.50212e-30 1.82058e-13 
500 0.001 1e-08 999999 4.43796e-30 9.29397e-13 
500 0.002 1e-08 999999 -2.06371e-25 2.10187e-11 
500 0.005 1e-08 999999 -1.53983e-06 2.06507e-07 
500 0.01 1e-08 999999 0.00969316 0.418204 
500 0.02 1e-08 999999 0.0394217 1.67325 
500 0.05 1e-08 999999 0.0485892 1.67292 
500 0.1 1e-08 999999 -0.0173515 0.420383 
500 0.2 1e-08 999999 -0.0151043 0.419757 
500 0.5 1e-08 999999 -0.00128156 0.837394 
500 1 1e-08 999999 -0.00552654 0.837304 
1000 0.0001 1e-08 999999 -2.177e-33 1.11152e-14 
1000 0.0002 1e-08 999999 -8.55687e-33 3.23461e-14 
1000 0.0005 1e-08 999999 -7.29784e-31 1.84695e-13 
1000 0.001 1e-08 999999 3.5693e-23 3.50401e-12 
1000 0.002 1e-08 999999 -1.01848e-22 1.76948e-09 
1000 0.005 1e-08 999999 0.000976219 0.167384 
1000 0.01 1e-08 999999 -1.14306e-18 0.0836931 
1000 0.02 1e-08 999999 1.88121e-07 0.0836931 
1000 0.05 1e-08 999999 0.0395625 1.67325 
1000 0.1 1e-08 999999 0.029419 1.08762 
1000 0.2 1e-08 999999 -0.0155977 0.336298 
1000 0.5 1e-08 999999 0.00649495 0.502842 
1000 1 1e-08 999999 -0.00495876 0.837257 
