10000 0.27 0.01 10000000 -1.27064e-07 1.67386 
5000 0.27 0.01 10000000 -1.57629e-07 1.67386 
2000 0.27 0.01 10000000 -1.48593e-07 1.67386 
1000 0.27 0.01 10000000 -1.38106e-07 1.67386 
500 0.27 0.01 10000000 -1.05323e-07 1.67386 
200 0.27 0.01 10000000 -1.68853e-08 1.67386 
100 0.27 0.01 10000000 -2.18429e-09 1.67386 
50 0.27 0.01 10000000 9.8204e-11 1.67386 
20 0.27 0.01 10000000 4.45301e-10 1.67386 
10 0.27 0.01 10000000 1.21561e-08 1.67384 
5 0.27 0.01 10000000 -5.6286e-05 0.167393 
2 0.27 0.01 10000000 -3.07718e-06 1.9659e-05 
1 0.27 0.01 10000000 1.19819e-06 2.5054e-05 
0.5 0.27 0.01 10000000 3.32525e-07 1.92936e-05 
0.2 0.27 0.01 10000000 5.81557e-08 9.11405e-06 
0.1 0.27 0.01 10000000 1.63418e-08 4.92241e-06 
20000 0.135 0.01 10000000 -2.49868e-07 1.67386 
10000 0.135 0.01 10000000 -1.6517e-07 1.67386 
4000 0.135 0.01 10000000 -1.53639e-07 1.67386 
2000 0.135 0.01 10000000 -1.36683e-07 1.67386 
1000 0.135 0.01 10000000 -1.12276e-07 1.67386 
400 0.135 0.01 10000000 -5.0571e-08 1.67386 
200 0.135 0.01 10000000 -5.02551e-09 1.67386 
100 0.135 0.01 10000000 -3.30465e-11 1.67386 
40 0.135 0.01 10000000 -2.9558e-11 1.67386 
20 0.135 0.01 10000000 -5.87488e-10 1.67381 
10 0.135 0.01 10000000 -0.00316529 0.0850826 
4 0.135 0.01 10000000 -0.000104784 1.19782e-05 
2 0.135 0.01 10000000 8.08348e-07 4.38158e-05 
1 0.135 0.01 10000000 1.47418e-06 4.48657e-05 
0.4 0.135 0.01 10000000 2.84461e-07 2.60161e-05 
0.2 0.135 0.01 10000000 7.73581e-08 1.41967e-05 
50000 0.054 0.01 10000000 -9.58625e-07 1.67386 
25000 0.054 0.01 10000000 -3.11369e-07 1.67386 
10000 0.054 0.01 10000000 -1.78763e-07 1.67386 
5000 0.054 0.01 10000000 -1.66586e-07 1.67386 
2500 0.054 0.01 10000000 -1.52294e-07 1.67386 
1000 0.054 0.01 10000000 -1.05484e-07 1.67386 
500 0.054 0.01 10000000 -3.59759e-08 1.67386 
250 0.054 0.01 10000000 -2.67828e-09 1.67386 
100 0.054 0.01 10000000 -9.78347e-12 1.67386 
50 0.054 0.01 10000000 -7.81776e-11 1.6736 
25 0.054 0.01 10000000 0.00795023 0.258553 
10 0.054 0.01 10000000 -0.000118596 8.36139e-06 
5 0.054 0.01 10000000 -1.00852e-05 2.06008e-05 
2.5 0.054 0.01 10000000 -8.41892e-06 6.1958e-05 
1 0.054 0.01 10000000 1.76979e-06 0.000149796 
0.5 0.054 0.01 10000000 9.66436e-07 0.000215621 
100000 0.027 0.01 10000000 -4.31749e-06 1.67386 
50000 0.027 0.01 10000000 -1.09128e-06 1.67386 
20000 0.027 0.01 10000000 -4.12381e-07 1.67386 
10000 0.027 0.01 10000000 -1.85946e-07 1.67386 
5000 0.027 0.01 10000000 -1.63319e-07 1.67386 
2000 0.027 0.01 10000000 -1.23713e-07 1.67386 
1000 0.027 0.01 10000000 -8.65909e-08 1.67386 
500 0.027 0.01 10000000 -1.52057e-08 1.67386 
200 0.027 0.01 10000000 -4.33077e-10 1.67386 
100 0.027 0.01 10000000 1.69552e-10 1.67292 
50 0.027 0.01 10000000 -0.00282142 0.0859868 
20 0.027 0.01 10000000 -4.14198e-15 7.61945e-05 
10 0.027 0.01 10000000 -4.38503e-11 4.6145e-05 
5 0.027 0.01 10000000 -3.28552e-14 5.98037e-05 
2 0.027 0.01 10000000 -5.17973e-08 0.000110532 
1 0.027 0.01 10000000 -6.61081e-07 0.000178991 
200000 0.0135 0.01 10000000 -1.42187e-05 1.67386 
100000 0.0135 0.01 10000000 -4.96853e-06 1.67386 
40000 0.0135 0.01 10000000 -1.52071e-06 1.67386 
20000 0.0135 0.01 10000000 -7.0785e-07 1.67386 
10000 0.0135 0.01 10000000 -2.30588e-07 1.67386 
4000 0.0135 0.01 10000000 -1.73851e-07 1.67386 
2000 0.0135 0.01 10000000 -1.16322e-07 1.67386 
1000 0.0135 0.01 10000000 -6.10364e-08 1.67386 
400 0.0135 0.01 10000000 -1.67704e-09 1.67386 
200 0.0135 0.01 10000000 -6.69504e-10 1.67033 
100 0.0135 0.01 10000000 1.01634e-08 0.00518842 
40 0.0135 0.01 10000000 -6.26412e-13 4.41024e-05 
20 0.0135 0.01 10000000 -5.91692e-17 2.65579e-05 
10 0.0135 0.01 10000000 -5.96547e-17 3.46614e-05 
4 0.0135 0.01 10000000 -4.72358e-17 6.86126e-05 
2 0.0135 0.01 10000000 -1.30283e-15 0.000112995 
500000 0.0054 0.01 10000000 -6.1757e-05 1.67386 
250000 0.0054 0.01 10000000 -5.23876e-05 1.67386 
100000 0.0054 0.01 10000000 -1.23978e-05 1.67386 
50000 0.0054 0.01 10000000 -3.85111e-06 1.67386 
25000 0.0054 0.01 10000000 -1.58744e-06 1.67386 
10000 0.0054 0.01 10000000 -4.47575e-07 1.67386 
5000 0.0054 0.01 10000000 -2.02769e-07 1.67386 
2500 0.0054 0.01 10000000 -7.9504e-08 1.67386 
1000 0.0054 0.01 10000000 -1.81079e-08 1.67386 
500 0.0054 0.01 10000000 4.89933e-09 1.65035 
250 0.0054 0.01 10000000 2.48752e-12 0.000904269 
100 0.0054 0.01 10000000 -3.48424e-19 1.67479e-05 
50 0.0054 0.01 10000000 -1.34298e-19 1.00698e-05 
25 0.0054 0.01 10000000 5.04998e-23 1.32516e-05 
10 0.0054 0.01 10000000 -5.94376e-21 2.77567e-05 
5 0.0054 0.01 10000000 3.84997e-21 4.99423e-05 
1e+06 0.0027 0.01 10000000 0.0222461 1.67362 
500000 0.0027 0.01 10000000 0.0143173 1.67371 
200000 0.0027 0.01 10000000 -4.99003e-05 1.67386 
100000 0.0027 0.01 10000000 -3.20519e-05 1.67386 
50000 0.0027 0.01 10000000 -1.09577e-05 1.67386 
20000 0.0027 0.01 10000000 -2.47285e-06 1.67386 
10000 0.0027 0.01 10000000 -7.20462e-07 1.67386 
5000 0.0027 0.01 10000000 -3.29579e-07 1.67386 
2000 0.0027 0.01 10000000 -4.77125e-08 1.67386 
1000 0.0027 0.01 10000000 6.24054e-11 0.370157 
500 0.0027 0.01 10000000 4.05831e-13 0.000247529 
200 0.0027 0.01 10000000 -1.5671e-22 6.30708e-06 
100 0.0027 0.01 10000000 -3.40945e-24 3.7914e-06 
50 0.0027 0.01 10000000 1.66427e-23 5.00692e-06 
20 0.0027 0.01 10000000 9.31841e-23 1.07226e-05 
10 0.0027 0.01 10000000 3.57083e-22 2.00303e-05 
2e+06 0.00135 0.01 10000000 0.0294246 1.67353 
1e+06 0.00135 0.01 10000000 0.0260133 1.67357 
400000 0.00135 0.01 10000000 0.0057529 0.836882 
200000 0.00135 0.01 10000000 0.0122325 1.67375 
100000 0.00135 0.01 10000000 -3.3173e-05 1.67386 
40000 0.00135 0.01 10000000 -2.0839e-05 1.67386 
20000 0.00135 0.01 10000000 -6.15516e-06 1.67386 
10000 0.00135 0.01 10000000 -1.68508e-06 1.67386 
4000 0.00135 0.01 10000000 -4.11595e-07 1.67386 
2000 0.00135 0.01 10000000 -5.06484e-11 0.0931984 
1000 0.00135 0.01 10000000 -2.15485e-13 6.64751e-05 
400 0.00135 0.01 10000000 -2.34339e-23 1.99334e-06 
200 0.00135 0.01 10000000 -3.74751e-24 1.19822e-06 
100 0.00135 0.01 10000000 2.38132e-23 1.58537e-06 
40 0.00135 0.01 10000000 7.75201e-24 3.43551e-06 
20 0.00135 0.01 10000000 1.41821e-23 6.55147e-06 
5e+06 0.00054 0.01 10000000 2.50431e-19 0.0836931 
2.5e+06 0.00054 0.01 10000000 1.41834e-18 0.0836931 
1e+06 0.00054 0.01 10000000 0.0296953 1.67352 
500000 0.00054 0.01 10000000 0.0270303 1.67355 
250000 0.00054 0.01 10000000 0.0240382 1.67358 
100000 0.00054 0.01 10000000 0.0155584 1.67368 
50000 0.00054 0.01 10000000 -6.66385e-06 1.67386 
25000 0.00054 0.01 10000000 -3.0675e-05 1.67386 
10000 0.00054 0.01 10000000 -8.82068e-06 1.67386 
5000 0.00054 0.01 10000000 2.74782e-10 0.0142165 
2500 0.00054 0.01 10000000 -9.7233e-15 1.15027e-05 
1000 0.00054 0.01 10000000 -1.67959e-24 3.70793e-07 
500 0.00054 0.01 10000000 7.45103e-27 2.22887e-07 
250 0.00054 0.01 10000000 5.61878e-25 2.95254e-07 
100 0.00054 0.01 10000000 5.78833e-25 6.44529e-07 
50 0.00054 0.01 10000000 1.15738e-24 1.24524e-06 
1e+07 0.00027 0.01 10000000 3.40583e-22 0.0836931 
5e+06 0.00027 0.01 10000000 -6.10481e-19 0.0836931 
2e+06 0.00027 0.01 10000000 3.48081e-19 0.0836931 
1e+06 0.00027 0.01 10000000 0.0302939 1.67351 
500000 0.00027 0.01 10000000 0.0306061 1.6735 
200000 0.00027 0.01 10000000 0.00299839 0.418432 
100000 0.00027 0.01 10000000 0.0246377 1.67356 
50000 0.00027 0.01 10000000 0.0161942 1.67366 
20000 0.00027 0.01 10000000 -3.32081e-05 1.67386 
10000 0.00027 0.01 10000000 -3.74333e-12 0.00353083 
5000 0.00027 0.01 10000000 -1.30302e-20 3.01482e-06 
2000 0.00027 0.01 10000000 -2.18253e-25 9.76372e-08 
1000 0.00027 0.01 10000000 1.8173e-27 5.86908e-08 
500 0.00027 0.01 10000000 2.876e-26 7.7778e-08 
200 0.00027 0.01 10000000 5.6407e-26 1.70209e-07 
100 0.00027 0.01 10000000 3.58387e-25 3.30319e-07 
2e+07 0.000135 0.01 10000000 2.16896e-31 8.76849e-13 
1e+07 0.000135 0.01 10000000 -2.98686e-19 0.0836931 
4e+06 0.000135 0.01 10000000 -1.36457e-18 0.0836931 
2e+06 0.000135 0.01 10000000 1.13794e-18 0.0836931 
1e+06 0.000135 0.01 10000000 3.11378e-18 0.0836931 
400000 0.000135 0.01 10000000 0.0315003 1.67348 
200000 0.000135 0.01 10000000 0.00299498 0.251046 
100000 0.000135 0.01 10000000 0.0031107 0.41843 
40000 0.000135 0.01 10000000 0.00131799 0.502145 
20000 0.000135 0.01 10000000 -1.00554e-13 0.000881833 
10000 0.000135 0.01 10000000 -2.53796e-22 7.73614e-07 
4000 0.000135 0.01 10000000 -2.78228e-26 2.50591e-08 
2000 0.000135 0.01 10000000 2.87227e-28 1.50633e-08 
1000 0.000135 0.01 10000000 8.27557e-26 1.99662e-08 
400 0.000135 0.01 10000000 1.01882e-26 4.37489e-08 
200 0.000135 0.01 10000000 2.04485e-26 8.50934e-08 
5e+07 5.4e-05 0.01 10000000 1.3907e-32 1.40296e-13 
2.5e+07 5.4e-05 0.01 10000000 2.78089e-32 2.80591e-13 
1e+07 5.4e-05 0.01 10000000 -1.08545e-18 0.0836931 
5e+06 5.4e-05 0.01 10000000 -1.18948e-18 0.0836931 
2.5e+06 5.4e-05 0.01 10000000 -1.7159e-19 0.0836931 
1e+06 5.4e-05 0.01 10000000 -2.66057e-18 0.0836931 
500000 5.4e-05 0.01 10000000 -5.58715e-18 0.0836931 
250000 5.4e-05 0.01 10000000 3.37663e-18 0.0836931 
100000 5.4e-05 0.01 10000000 0.00970495 0.668549 
50000 5.4e-05 0.01 10000000 2.53739e-12 0.000141328 
25000 5.4e-05 0.01 10000000 -2.28136e-24 1.25833e-07 
10000 5.4e-05 0.01 10000000 -1.80231e-27 4.07383e-09 
5000 5.4e-05 0.01 10000000 2.07409e-29 2.44869e-09 
2500 5.4e-05 0.01 10000000 2.46266e-28 3.24607e-09 
1000 5.4e-05 0.01 10000000 6.67829e-28 7.11801e-09 
500 5.4e-05 0.01 10000000 1.33854e-27 1.38637e-08 
1e+08 2.7e-05 0.01 10000000 1.74027e-33 3.50737e-14 
5e+07 2.7e-05 0.01 10000000 3.4789e-33 7.01475e-14 
2e+07 2.7e-05 0.01 10000000 -8.47705e-19 0.0836931 
1e+07 2.7e-05 0.01 10000000 -1.11568e-19 0.0836931 
5e+06 2.7e-05 0.01 10000000 7.58231e-19 0.0836931 
2e+06 2.7e-05 0.01 10000000 5.96346e-19 0.0836931 
1e+06 2.7e-05 0.01 10000000 -3.91161e-19 0.0836931 
500000 2.7e-05 0.01 10000000 5.09442e-18 0.0836931 
200000 2.7e-05 0.01 10000000 0.00431816 0.387775 
100000 2.7e-05 0.01 10000000 2.15714e-13 3.50559e-05 
50000 2.7e-05 0.01 10000000 -4.70506e-25 3.17443e-08 
20000 2.7e-05 0.01 10000000 -2.26735e-28 1.02473e-09 
10000 2.7e-05 0.01 10000000 2.66692e-30 6.15459e-10 
5000 2.7e-05 0.01 10000000 3.10353e-29 8.15862e-10 
2000 2.7e-05 0.01 10000000 8.41447e-29 1.7895e-09 
1000 2.7e-05 0.01 10000000 8.21732e-28 3.48695e-09 
