0.01 1 0.001 10000000 5.28646e-12 -1.3231e-10 0 
0.01 1 0.002 10000000 1.3053e-11 -2.94016e-10 0 
0.01 1 0.005 10000000 5.51487e-11 -9.55513e-10 0 
0.01 1 0.01 10000000 2.11461e-10 -2.64606e-09 0 
0.01 1 0.02 10000000 1.02348e-09 -8.23472e-09 0 
0.01 1 0.05 10000000 1.09893e-08 -4.27813e-08 0 
0.01 1 0.1 10000000 7.6475e-08 -1.61362e-07 0 
0.01 1 0.2 10000000 5.74786e-07 -6.52718e-07 0 
0.01 1 0.5 10000000 8.84298e-06 -4.67475e-06 0 
0.01 1 1 10000000 3.56438e-05 3.0575e-06 0 
0.01 1 2 10000000 -0.821649 1.15383 0 
0.01 1 5 10000000 -2.92062e-11 1.67386 0 
0.01 1 10 10000000 -4.27275e-12 1.67386 0 
0.02 1 0.001 10000000 1.88629e-11 -2.4986e-10 0 
0.02 1 0.002 10000000 4.22943e-11 -5.29089e-10 0 
0.02 1 0.005 10000000 1.43916e-10 -1.54299e-09 0 
0.02 1 0.01 10000000 4.41211e-10 -3.82025e-09 0 
0.02 1 0.02 10000000 1.69186e-09 -1.05795e-08 0 
0.02 1 0.05 10000000 1.4228e-08 -4.86057e-08 0 
0.02 1 0.1 10000000 8.81921e-08 -1.72801e-07 0 
0.02 1 0.2 10000000 6.19279e-07 -6.7378e-07 0 
0.02 1 0.5 10000000 9.08738e-06 -4.65891e-06 0 
0.02 1 1 10000000 3.60177e-05 3.37072e-06 0 
0.02 1 2 10000000 -0.821726 1.15371 0 
0.02 1 5 10000000 -4.42164e-11 1.67386 0 
0.02 1 10 10000000 -1.34517e-12 1.67386 0 
0.05 1 0.001 10000000 1.09772e-10 -6.01668e-10 0 
0.05 1 0.002 10000000 2.3038e-10 -1.23253e-09 0 
0.05 1 0.005 10000000 6.61132e-10 -3.3002e-09 0 
0.05 1 0.01 10000000 1.63232e-09 -7.32987e-09 0 
0.05 1 0.02 10000000 4.70082e-09 -1.7578e-08 0 
0.05 1 0.05 10000000 2.64535e-08 -6.5913e-08 0 
0.05 1 0.1 10000000 1.28355e-07 -2.06526e-07 0 
0.05 1 0.2 10000000 7.62609e-07 -7.34631e-07 0 
0.05 1 0.5 10000000 9.83602e-06 -4.59822e-06 0 
0.05 1 1 10000000 -3.71505e-05 4.26577e-06 0 
0.05 1 2 10000000 0.833931 1.14447 0 
0.05 1 5 10000000 -1.50879e-10 1.67386 0 
0.05 1 10 10000000 2.74418e-12 1.67386 0 
0.1 1 0.001 10000000 4.29198e-10 -1.18227e-09 0 
0.1 1 0.002 10000000 8.79687e-10 -2.3931e-09 0 
0.1 1 0.005 10000000 2.36281e-09 -6.19684e-09 0 
0.1 1 0.01 10000000 5.297e-09 -1.31068e-08 0 
0.1 1 0.02 10000000 1.30755e-08 -2.9064e-08 0 
0.1 1 0.05 10000000 5.52308e-08 -9.40623e-08 0 
0.1 1 0.1 10000000 2.12068e-07 -2.60487e-07 0 
0.1 1 0.2 10000000 1.03437e-06 -8.27856e-07 0 
0.1 1 0.5 10000000 1.11337e-05 -4.45623e-06 0 
0.1 1 1 10000000 3.90672e-05 5.61791e-06 0 
0.1 1 2 10000000 0.833587 1.14482 0 
0.1 1 5 10000000 4.19543e-12 1.67386 0 
0.1 1 10 10000000 -1.01437e-12 1.67386 0 
0.2 1 0.001 10000000 1.70706e-09 -2.30037e-09 0 
0.2 1 0.002 10000000 3.45636e-09 -4.62683e-09 0 
0.2 1 0.005 10000000 8.9616e-09 -1.17625e-08 0 
0.2 1 0.01 10000000 1.90182e-08 -2.41755e-08 0 
0.2 1 0.02 10000000 4.26111e-08 -5.09455e-08 0 
0.2 1 0.05 10000000 1.4475e-07 -1.46737e-07 0 
0.2 1 0.1 10000000 4.432e-07 -3.58132e-07 0 
0.2 1 0.2 10000000 1.70151e-06 -9.81072e-07 0 
0.2 1 0.5 10000000 1.39029e-05 -4.04158e-06 0 
0.2 1 1 10000000 4.29507e-05 7.86043e-06 0 
0.2 1 2 10000000 0.832465 1.14547 0 
0.2 1 5 10000000 -8.2885e-11 1.67386 0 
0.2 1 10 10000000 -7.09651e-13 1.67386 0 
0.5 1 0.001 10000000 1.09426e-08 -4.93218e-09 0 
0.5 1 0.002 10000000 2.19885e-08 -9.8753e-09 0 
0.5 1 0.005 10000000 5.57493e-08 -2.47699e-08 0 
0.5 1 0.01 10000000 1.14115e-07 -4.98097e-08 0 
0.5 1 0.02 10000000 2.38867e-07 -1.00682e-07 0 
0.5 1 0.05 10000000 6.80334e-07 -2.59348e-07 0 
0.5 1 0.1 10000000 1.66003e-06 -5.4189e-07 0 
0.5 1 0.2 10000000 4.67105e-06 -1.15363e-06 0 
0.5 1 0.5 10000000 2.32589e-05 -2.17978e-06 0 
0.5 1 1 10000000 5.38586e-05 1.1812e-05 0 
0.5 1 2 10000000 -0.821408 1.13421 0 
0.5 1 5 10000000 3.93714e-11 1.67386 0 
0.5 1 10 10000000 7.78272e-13 1.67386 0 
1 1 0.001 10000000 4.3851e-08 -5.60038e-09 0 
1 1 0.002 10000000 8.78632e-08 -1.11799e-08 0 
1 1 0.005 10000000 2.20868e-07 -2.77927e-08 0 
1 1 0.01 10000000 4.45775e-07 -5.50617e-08 0 
1 1 0.02 10000000 9.07739e-07 -1.08021e-07 0 
1 1 0.05 10000000 2.39133e-06 -2.54101e-07 0 
1 1 0.1 10000000 5.1911e-06 -4.53132e-07 0 
1 1 0.2 10000000 1.19948e-05 -6.62649e-07 0 
1 1 0.5 10000000 3.94698e-05 9.00523e-07 0 
1 1 1 10000000 -5.95009e-05 1.24058e-05 0 
1 1 2 10000000 -0.9535 0.908065 0 
1 1 5 10000000 -1.76151e-11 1.67386 0 
1 1 10 10000000 2.21795e-12 1.67386 0 
2 1 0.001 10000000 1.23123e-07 -6.54861e-10 0 
2 1 0.002 10000000 2.46274e-07 -1.28883e-09 0 
2 1 0.005 10000000 6.15896e-07 -3.06615e-09 0 
2 1 0.01 10000000 1.23246e-06 -5.6177e-09 0 
2 1 0.02 10000000 2.46738e-06 -9.21542e-09 0 
2 1 0.05 10000000 6.18214e-06 -8.63926e-09 0 
2 1 0.1 10000000 1.23746e-05 2.59114e-08 0 
2 1 0.2 10000000 2.44618e-05 1.91126e-07 0 
2 1 0.5 10000000 -4.69034e-05 1.10214e-06 0 
2 1 1 10000000 0.000367974 1.59174e-05 0 
2 1 2 10000000 9.14185e-09 1.67386 0 
2 1 5 10000000 -9.37507e-12 1.67386 0 
2 1 10 10000000 -9.07097e-14 1.67386 0 
5 1 0.001 10000000 5.75336e-06 3.10513e-07 0 
5 1 0.002 10000000 1.15296e-05 6.22456e-07 0 
5 1 0.005 10000000 2.89965e-05 1.56692e-06 0 
5 1 0.01 10000000 5.85724e-05 3.17007e-06 0 
5 1 0.02 10000000 0.000119498 6.48752e-06 0 
5 1 0.05 10000000 -0.000317129 1.73737e-05 0 
5 1 0.1 10000000 -0.000700554 3.89397e-05 0 
5 1 0.2 10000000 -0.00170072 9.7052e-05 0 
5 1 0.5 10000000 -5.14252e-07 1.67386 0 
5 1 1 10000000 -1.88023e-08 1.67386 0 
5 1 2 10000000 2.05145e-10 1.67386 0 
5 1 5 10000000 -1.97546e-13 1.67386 0 
5 1 10 10000000 -2.62215e-13 1.67386 0 
10 1 0.001 10000000 -4.1974e-05 1.67386 0 
10 1 0.002 10000000 0.000356058 1.67386 0 
10 1 0.005 10000000 -4.76912e-05 1.67386 0 
10 1 0.01 10000000 -4.6259e-05 1.67386 0 
10 1 0.02 10000000 -2.33115e-06 1.67386 0 
10 1 0.05 10000000 5.29769e-07 1.67386 0 
10 1 0.1 10000000 4.61617e-08 1.67386 0 
10 1 0.2 10000000 3.35312e-08 1.67386 0 
10 1 0.5 10000000 4.78584e-09 1.67386 0 
10 1 1 10000000 1.32267e-11 1.67386 0 
10 1 2 10000000 1.80231e-10 1.67386 0 
10 1 5 10000000 -6.90944e-12 1.67386 0 
10 1 10 10000000 -3.16555e-13 1.67386 0 
20 1 0.001 10000000 -5.72734e-05 1.67386 0 
20 1 0.002 10000000 -6.00041e-06 1.67386 0 
20 1 0.005 10000000 -2.59671e-06 1.67386 0 
20 1 0.01 10000000 -3.75548e-07 1.67386 0 
20 1 0.02 10000000 2.24605e-07 1.67386 0 
20 1 0.05 10000000 2.52859e-08 1.67386 0 
20 1 0.1 10000000 -6.10077e-10 1.67386 0 
20 1 0.2 10000000 1.64634e-09 1.67386 0 
20 1 0.5 10000000 6.08833e-10 1.67386 0 
20 1 1 10000000 -8.69788e-11 1.67386 0 
20 1 2 10000000 -2.20175e-11 1.67386 0 
20 1 5 10000000 3.22842e-12 1.67386 0 
20 1 10 10000000 2.01549e-13 1.67386 0 
50 1 0.001 10000000 -1.86249e-05 1.67386 0 
50 1 0.002 10000000 -4.05257e-06 1.67386 0 
50 1 0.005 10000000 -4.24297e-07 1.67386 0 
50 1 0.01 10000000 -4.92083e-08 1.67386 0 
50 1 0.02 10000000 -4.21999e-08 1.67386 0 
50 1 0.05 10000000 -5.74262e-09 1.67386 0 
50 1 0.1 10000000 -4.70753e-10 1.67386 0 
50 1 0.2 10000000 -1.34646e-10 1.67386 0 
50 1 0.5 10000000 -1.61339e-10 1.67386 0 
50 1 1 10000000 2.14251e-11 1.67386 0 
50 1 2 10000000 -1.40181e-11 1.67386 0 
50 1 5 10000000 1.69632e-12 1.67386 0 
50 1 10 10000000 9.8869e-14 1.67386 0 
100 1 0.001 10000000 -1.3557e-05 1.67386 0 
100 1 0.002 10000000 -5.39678e-06 1.67386 0 
100 1 0.005 10000000 -1.10122e-06 1.67386 0 
100 1 0.01 10000000 -2.58452e-07 1.67386 0 
100 1 0.02 10000000 -5.54322e-08 1.67386 0 
100 1 0.05 10000000 -8.65109e-09 1.67386 0 
100 1 0.1 10000000 -1.23256e-09 1.67386 0 
100 1 0.2 10000000 -4.21547e-10 1.67386 0 
100 1 0.5 10000000 7.01534e-11 1.67386 0 
100 1 1 10000000 -2.92906e-11 1.67386 0 
100 1 2 10000000 -1.15365e-11 1.67386 0 
100 1 5 10000000 -6.05529e-14 1.67386 0 
100 1 10 10000000 -7.11235e-13 1.67386 0 
