0.1 0.001 0.001 999999 3.0982e-24 1.83609e-06 0 
0.1 0.001 0.002 999999 3.31076e-23 3.67176e-06 0 
0.1 0.001 0.005 999999 1.5485e-23 9.17627e-06 0 
0.1 0.001 0.01 999999 3.09521e-23 1.83421e-05 0 
0.1 0.001 0.02 999999 6.19139e-23 3.66425e-05 0 
0.1 0.001 0.05 999999 1.54652e-22 9.1291e-05 0 
0.1 0.001 0.1 999999 3.08164e-22 0.00018152 0 
0.1 0.001 0.2 999999 6.15896e-22 0.000358709 0 
0.1 0.001 0.5 999999 1.76313e-21 0.000863012 0 
0.1 0.001 1 999999 2.66892e-21 0.0016089 0 
0.1 0.001 2 999999 5.04036e-21 0.00275669 0 
0.1 0.001 5 999999 -5.983e-18 0.00432096 0 
0.1 0.001 10 999999 -2.46299e-18 0.00481651 0 
0.2 0.001 0.001 999999 3.0701e-24 1.81956e-06 0 
0.2 0.001 0.002 999999 6.13951e-24 3.63871e-06 0 
0.2 0.001 0.005 999999 1.53444e-23 9.09368e-06 0 
0.2 0.001 0.01 999999 3.58588e-23 1.81771e-05 0 
0.2 0.001 0.02 999999 6.13426e-23 3.63129e-05 0 
0.2 0.001 0.05 999999 2.287e-22 9.04709e-05 0 
0.2 0.001 0.1 999999 1.03387e-21 0.000179893 0 
0.2 0.001 0.2 999999 6.09704e-22 0.000355511 0 
0.2 0.001 0.5 999999 7.23546e-21 0.000855481 0 
0.2 0.001 1 999999 2.65292e-21 0.00159553 0 
0.2 0.001 2 999999 8.78078e-21 0.00273674 0 
0.2 0.001 5 999999 4.74141e-18 0.00430318 0 
0.2 0.001 10 999999 -5.79282e-18 0.00480837 0 
0.5 0.001 0.001 999999 4.99926e-24 1.77117e-06 0 
0.5 0.001 0.002 999999 2.93223e-23 3.54194e-06 0 
0.5 0.001 0.005 999999 1.49333e-23 8.85189e-06 0 
0.5 0.001 0.01 999999 2.98566e-23 1.76939e-05 0 
0.5 0.001 0.02 999999 1.82911e-22 3.5348e-05 0 
0.5 0.001 0.05 999999 1.48896e-22 8.807e-05 0 
0.5 0.001 0.1 999999 8.32493e-22 0.00017513 0 
0.5 0.001 0.2 999999 5.92839e-22 0.000346149 0 
0.5 0.001 0.5 999999 1.42558e-21 0.000833416 0 
0.5 0.001 1 999999 2.57301e-21 0.00155631 0 
0.5 0.001 2 999999 4.92248e-21 0.00267789 0 
0.5 0.001 5 999999 -1.06428e-17 0.00424963 0 
0.5 0.001 10 999999 -7.41602e-18 0.00478319 0 
1 0.001 0.001 999999 8.09179e-24 1.69436e-06 0 
1 0.001 0.002 999999 3.46648e-23 3.38835e-06 0 
1 0.001 0.005 999999 1.4281e-23 8.46807e-06 0 
1 0.001 0.01 999999 2.85546e-23 1.69268e-05 0 
1 0.001 0.02 999999 5.1592e-22 3.38162e-05 0 
1 0.001 0.05 999999 5.82903e-22 8.42586e-05 0 
1 0.001 0.1 999999 2.84449e-22 0.000167569 0 
1 0.001 0.2 999999 1.79102e-21 0.000331282 0 
1 0.001 0.5 999999 3.83723e-21 0.000798338 0 
1 0.001 1 999999 2.46205e-21 0.00149376 0 
1 0.001 2 999999 5.51489e-21 0.00258313 0 
1 0.001 5 999999 -8.35075e-19 0.00415999 0 
1 0.001 10 999999 6.55056e-18 0.00473895 0 
2 0.001 0.001 999999 2.66317e-24 1.55399e-06 0 
2 0.001 0.002 999999 5.23717e-24 3.10764e-06 0 
2 0.001 0.005 999999 5.18579e-23 7.76662e-06 0 
2 0.001 0.01 999999 2.86495e-23 1.5525e-05 0 
2 0.001 0.02 999999 5.22736e-23 3.10168e-05 0 
2 0.001 0.05 999999 1.30914e-22 7.72924e-05 0 
2 0.001 0.1 999999 7.65722e-22 0.000153746 0 
2 0.001 0.2 999999 5.14016e-22 0.000304095 0 
2 0.001 0.5 999999 1.25903e-21 0.000734062 0 
2 0.001 1 999999 1.85253e-20 0.00137854 0 
2 0.001 2 999999 4.35628e-21 0.00240576 0 
2 0.001 5 999999 5.37731e-18 0.00398113 0 
2 0.001 10 999999 -1.07355e-18 0.00464354 0 
5 0.001 0.001 999999 9.268e-24 1.21973e-06 0 
5 0.001 0.002 999999 1.32327e-23 2.43922e-06 0 
5 0.001 0.005 999999 3.61882e-23 6.0963e-06 0 
5 0.001 0.01 999999 2.04995e-23 1.21868e-05 0 
5 0.001 0.02 999999 4.09599e-23 2.43501e-05 0 
5 0.001 0.05 999999 2.86986e-22 6.06997e-05 0 
5 0.001 0.1 999999 4.96727e-22 0.000120811 0 
5 0.001 0.2 999999 1.74604e-21 0.000239253 0 
5 0.001 0.5 999999 9.97174e-22 0.000580109 0 
5 0.001 1 999999 1.85204e-21 0.00109946 0 
5 0.001 2 999999 3.3676e-21 0.00196184 0 
5 0.001 5 999999 5.56502e-18 0.00347287 0 
5 0.001 10 999999 -6.75211e-18 0.00432698 0 
10 0.001 0.001 999999 1.44251e-24 8.60207e-07 0 
10 0.001 0.002 999999 2.88478e-24 1.72028e-06 0 
10 0.001 0.005 999999 7.21031e-24 4.29967e-06 0 
10 0.001 0.01 999999 1.44165e-23 8.59593e-06 0 
10 0.001 0.02 999999 2.75217e-22 1.71782e-05 0 
10 0.001 0.05 999999 2.01728e-22 4.2843e-05 0 
10 0.001 0.1 999999 1.4361e-22 8.53437e-05 0 
10 0.001 0.2 999999 8.16185e-22 0.000169316 0 
10 0.001 0.5 999999 4.06894e-21 0.000412969 0 
10 0.001 1 999999 1.34454e-21 0.000791616 0 
10 0.001 2 999999 2.39175e-21 0.0014499 0 
10 0.001 5 999999 4.70154e-21 0.00278122 0 
10 0.001 10 999999 -5.89375e-18 0.00379616 0 
20 0.001 0.001 999999 1.98082e-24 5.07258e-07 0 
20 0.001 0.002 999999 1.68877e-24 1.01446e-06 0 
20 0.001 0.005 999999 4.22124e-24 2.53574e-06 0 
20 0.001 0.01 999999 8.44027e-24 5.0701e-06 0 
20 0.001 0.02 999999 1.68719e-23 1.01347e-05 0 
20 0.001 0.05 999999 4.21088e-23 2.52952e-05 0 
20 0.001 0.1 999999 8.39793e-23 5.04524e-05 0 
20 0.001 0.2 999999 2.31359e-22 0.000100353 0 
20 0.001 0.5 999999 1.0004e-21 0.000246759 0 
20 0.001 1 999999 1.69328e-21 0.000479902 0 
20 0.001 2 999999 1.52866e-21 0.000906821 0 
20 0.001 5 999999 8.02922e-21 0.00191245 0 
20 0.001 10 999999 7.51761e-21 0.00294912 0 
50 0.001 0.001 999999 3.47969e-25 2.16816e-07 0 
50 0.001 0.002 999999 8.28176e-25 4.33623e-07 0 
50 0.001 0.005 999999 1.73966e-24 1.08398e-06 0 
50 0.001 0.01 999999 3.47888e-24 2.16771e-06 0 
50 0.001 0.02 999999 1.02484e-23 4.3344e-06 0 
50 0.001 0.05 999999 1.7376e-23 1.08284e-05 0 
50 0.001 0.1 999999 3.47093e-23 2.16314e-05 0 
50 0.001 0.2 999999 6.92835e-23 4.31614e-05 0 
50 0.001 0.5 999999 1.72113e-22 0.000107145 0 
50 0.001 1 999999 3.39901e-22 0.000211777 0 
50 0.001 2 999999 1.36487e-22 0.000413627 0 
50 0.001 5 999999 2.16791e-21 0.000962815 0 
50 0.001 10 999999 9.94053e-21 0.00171387 0 
100 0.001 0.001 999999 1.31669e-24 1.16704e-07 0 
100 0.001 0.002 999999 3.342e-25 2.33405e-07 0 
100 0.001 0.005 999999 8.35456e-25 5.83495e-07 0 
100 0.001 0.01 999999 9.29071e-24 1.16693e-06 0 
100 0.001 0.02 999999 6.65643e-25 2.33362e-06 0 
100 0.001 0.05 999999 8.34801e-24 5.83225e-06 0 
100 0.001 0.1 999999 1.2695e-23 1.16585e-05 0 
100 0.001 0.2 999999 3.33194e-23 2.32931e-05 0 
100 0.001 0.5 999999 4.97514e-23 5.80533e-05 0 
100 0.001 1 999999 5.28817e-22 0.000115511 0 
100 0.001 2 999999 3.22039e-22 0.000228652 0 
100 0.001 5 999999 1.62484e-21 0.00055422 0 
100 0.001 10 999999 3.73418e-21 0.00105333 0 
200 0.001 0.001 999999 -9.11067e-25 7.45172e-08 0 
200 0.001 0.002 999999 1.14595e-25 1.49034e-07 0 
200 0.001 0.005 999999 2.86462e-25 3.72582e-07 0 
200 0.001 0.01 999999 -8.01081e-25 7.45155e-07 0 
200 0.001 0.02 999999 1.80145e-23 1.49027e-06 0 
200 0.001 0.05 999999 2.86101e-24 3.72541e-06 0 
200 0.001 0.1 999999 5.71319e-24 7.44992e-06 0 
200 0.001 0.2 999999 1.13898e-23 1.48962e-05 0 
200 0.001 0.5 999999 -2.652e-23 3.72135e-05 0 
200 0.001 1 999999 5.63535e-23 7.43372e-05 0 
200 0.001 2 999999 1.08447e-22 0.000148318 0 
200 0.001 5 999999 1.67695e-22 0.00036818 0 
200 0.001 10 999999 3.88494e-22 0.000728094 0 
500 0.001 0.001 999999 -6.62594e-25 1.03248e-07 0 
500 0.001 0.002 999999 -1.32521e-24 2.06497e-07 0 
500 0.001 0.005 999999 -3.31302e-24 5.16247e-07 0 
500 0.001 0.01 999999 -7.83174e-24 1.03251e-06 0 
500 0.001 0.02 999999 -1.32417e-23 2.0651e-06 0 
500 0.001 0.05 999999 1.50404e-22 5.16329e-06 0 
500 0.001 0.1 999999 -6.62331e-23 1.03284e-05 0 
500 0.001 0.2 999999 -1.25258e-22 2.06641e-05 0 
500 0.001 0.5 999999 -1.59415e-18 5.17155e-05 0 
500 0.001 1 999999 -8.68856e-22 0.000103618 0 
500 0.001 2 999999 -1.11104e-21 0.000208001 0 
500 0.001 5 999999 2.4553e-20 0.000526186 0 
500 0.001 10 999999 -4.51782e-18 0.00107613 0 
1000 0.001 0.001 999999 -9.38897e-23 6.93117e-07 0 
1000 0.001 0.002 999999 -1.70727e-22 1.38624e-06 0 
1000 0.001 0.005 999999 -4.56562e-22 3.46572e-06 0 
1000 0.001 0.01 999999 -7.1717e-22 6.93202e-06 0 
1000 0.001 0.02 999999 -1.3409e-21 1.38678e-05 0 
1000 0.001 0.05 999999 -5.75727e-18 3.47271e-05 0 
1000 0.001 0.1 999999 9.73898e-19 6.9805e-05 0 
1000 0.001 0.2 999999 1.77381e-17 0.000141581 0 
1000 0.001 0.5 999999 2.82845e-15 0.000366677 0 
1000 0.001 1 999999 -5.60132e-16 0.000756517 0 
1000 0.001 2 999999 -9.12404e-16 0.00156098 0 
1000 0.001 5 999999 -1.36604e-15 0.00408988 0 
1000 0.001 10 999999 -5.57976e-15 0.0086006 0 
