0.1 0.0001 0.01 999999 4.31152e-26 2.36819e-07 
0.1 0.0002 0.01 999999 4.20281e-25 9.20176e-07 
0.1 0.0005 0.01 999999 4.64502e-24 5.27672e-06 
0.1 0.001 0.01 999999 3.09521e-23 1.83421e-05 
0.1 0.002 0.01 999999 2.5504e-21 5.60424e-05 
0.1 0.005 0.01 999999 1.69664e-20 0.000170454 
0.1 0.01 0.01 999999 -4.47011e-18 0.000264969 
0.1 0.02 0.01 999999 -5.49636e-09 0.000301406 
0.1 0.05 0.01 999999 2.64608e-06 0.000306345 
0.1 0.1 0.01 999999 2.40774e-08 9.95992e-06 
0.1 0.2 0.01 999999 1.92847e-08 6.17105e-06 
0.1 0.5 0.01 999999 1.01305e-08 2.43114e-06 
0.1 1 0.01 999999 5.34943e-09 7.80399e-07 
0.2 0.0001 0.01 999999 4.30739e-26 2.36597e-07 
0.2 0.0002 0.01 999999 3.31613e-25 9.18464e-07 
0.2 0.0005 0.01 999999 8.95797e-24 5.25247e-06 
0.2 0.001 0.01 999999 3.58588e-23 1.81771e-05 
0.2 0.002 0.01 999999 8.86083e-22 5.50755e-05 
0.2 0.005 0.01 999999 3.01802e-21 0.000164004 
0.2 0.01 0.01 999999 -7.01579e-18 0.000248961 
0.2 0.02 0.01 999999 -8.31794e-10 0.000277651 
0.2 0.05 0.01 999999 3.22362e-06 0.000278763 
0.2 0.1 0.01 999999 8.70337e-08 1.93962e-05 
0.2 0.2 0.01 999999 6.84897e-08 1.14539e-05 
0.2 0.5 0.01 999999 3.62314e-08 4.47114e-06 
0.2 1 0.01 999999 1.91995e-08 1.42469e-06 
0.5 0.0001 0.01 999999 7.09609e-26 2.35935e-07 
0.5 0.0002 0.01 999999 3.29732e-25 9.13353e-07 
0.5 0.0005 0.01 999999 4.55969e-24 5.18064e-06 
0.5 0.001 0.01 999999 2.98566e-23 1.76939e-05 
0.5 0.002 0.01 999999 1.3156e-21 5.23102e-05 
0.5 0.005 0.01 999999 1.4523e-19 0.000146685 
0.5 0.01 0.01 999999 -9.57257e-19 0.000209328 
0.5 0.02 0.01 999999 -2.84537e-10 0.000223663 
0.5 0.05 0.01 999999 -3.13474e-06 0.000216955 
0.5 0.1 0.01 999999 4.92462e-07 4.528e-05 
0.5 0.2 0.01 999999 3.86847e-07 2.46446e-05 
0.5 0.5 0.01 999999 2.13086e-07 9.05535e-06 
0.5 1 0.01 999999 1.14995e-07 2.75428e-06 
1 0.0001 0.01 999999 4.27432e-26 2.34837e-07 
1 0.0002 0.01 999999 3.26632e-25 9.0492e-07 
1 0.0005 0.01 999999 7.4099e-24 5.06384e-06 
1 0.001 0.01 999999 2.85546e-23 1.69268e-05 
1 0.002 0.01 999999 2.53297e-21 4.81178e-05 
1 0.005 0.01 999999 5.86747e-20 0.00012341 
1 0.01 0.01 999999 -9.57726e-18 0.000163192 
1 0.02 0.01 999999 -1.17949e-11 0.00016815 
1 0.05 0.01 999999 -3.82871e-06 0.000152002 
1 0.1 0.01 999999 9.75002e-06 0.000130606 
1 0.2 0.01 999999 1.35849e-06 3.38319e-05 
1 0.5 0.01 999999 8.07975e-07 1.01991e-05 
1 1 0.01 999999 4.48282e-07 2.73932e-06 
2 0.0001 0.01 999999 4.23347e-26 2.32662e-07 
2 0.0002 0.01 999999 5.22495e-25 8.88364e-07 
2 0.0005 0.01 999999 4.25759e-24 4.84075e-06 
2 0.001 0.01 999999 2.86495e-23 1.5525e-05 
2 0.002 0.01 999999 4.19206e-22 4.10633e-05 
2 0.005 0.01 999999 8.11482e-20 9.14053e-05 
2 0.01 0.01 999999 -1.28438e-18 0.000111198 
2 0.02 0.01 999999 -4.21951e-12 0.000112402 
2 0.05 0.01 999999 -7.24063e-06 8.40721e-05 
2 0.1 0.01 999999 -2.60279e-05 5.75817e-05 
2 0.2 0.01 999999 -1.77816e-05 3.00921e-05 
2 0.5 0.01 999999 -0.000953622 6.48768e-05 
2 1 0.01 999999 1.24684e-06 1.0297e-06 
5 0.0001 0.01 999999 4.11417e-26 2.26296e-07 
5 0.0002 0.01 999999 3.03218e-25 8.41085e-07 
5 0.0005 0.01 999999 3.7309e-24 4.24734e-06 
5 0.001 0.01 999999 2.04995e-23 1.21868e-05 
5 0.002 0.01 999999 2.67398e-22 2.72156e-05 
5 0.005 0.01 999999 8.58198e-22 4.86418e-05 
5 0.01 0.01 999999 -1.21814e-18 5.65152e-05 
5 0.02 0.01 999999 -4.0447e-13 5.877e-05 
5 0.05 0.01 999999 -1.00417e-05 2.25969e-05 
5 0.1 0.01 999999 -0.000151717 1.26666e-05 
5 0.2 0.01 999999 -0.000247072 1.80812e-05 
5 0.5 0.01 999999 -6.1042e-05 0.167399 
5 1 0.01 999999 -0.00165709 0.0838105 
10 0.0001 0.01 999999 3.92548e-26 2.16198e-07 
10 0.0002 0.01 999999 2.77076e-25 7.69618e-07 
10 0.0005 0.01 999999 3.03855e-24 3.46518e-06 
10 0.001 0.01 999999 1.44165e-23 8.59593e-06 
10 0.002 0.01 999999 4.99051e-23 1.63655e-05 
10 0.005 0.01 999999 1.46262e-22 2.70086e-05 
10 0.01 0.01 999999 -4.45688e-19 3.25233e-05 
10 0.02 0.01 999999 -3.64699e-14 3.91819e-05 
10 0.05 0.01 999999 -5.53374e-05 7.65274e-06 
10 0.1 0.01 999999 0.00173105 4.61337e-05 
10 0.2 0.01 999999 0.00372932 0.837014 
10 0.5 0.01 999999 2.50375e-08 1.67386 
10 1 0.01 999999 -6.46592e-06 1.67386 
20 0.0001 0.01 999999 3.58254e-26 1.97768e-07 
20 0.0002 0.01 999999 2.41416e-25 6.5004e-07 
20 0.0005 0.01 999999 5.83792e-24 2.42819e-06 
20 0.001 0.01 999999 8.44027e-24 5.0701e-06 
20 0.002 0.01 999999 2.66725e-23 8.79725e-06 
20 0.005 0.01 999999 1.90668e-23 1.50139e-05 
20 0.01 0.01 999999 -1.94406e-20 2.12658e-05 
20 0.02 0.01 999999 -9.60198e-17 4.2624e-05 
20 0.05 0.01 999999 0.00231996 0.0847894 
20 0.1 0.01 999999 -5.93164e-07 1.66907 
20 0.2 0.01 999999 -2.68013e-10 1.67386 
20 0.5 0.01 999999 -4.4251e-09 1.67386 
20 1 0.01 999999 5.77935e-09 1.67386 
50 0.0001 0.01 999999 2.77686e-26 1.54044e-07 
50 0.0002 0.01 999999 1.49811e-25 4.18764e-07 
50 0.0005 0.01 999999 3.37603e-24 1.15733e-06 
50 0.001 0.01 999999 3.47888e-24 2.16771e-06 
50 0.002 0.01 999999 9.98018e-24 3.88792e-06 
50 0.005 0.01 999999 -4.18572e-19 9.16237e-06 
50 0.01 0.01 999999 -2.22886e-20 2.95405e-05 
50 0.02 0.01 999999 -5.69486e-06 0.000853693 
50 0.05 0.01 999999 -2.90563e-11 1.67293 
50 0.1 0.01 999999 -2.15536e-11 1.67386 
50 0.2 0.01 999999 -1.05186e-11 1.67386 
50 0.5 0.01 999999 1.30647e-09 1.67386 
50 1 0.01 999999 -4.42835e-10 1.67386 
100 0.0001 0.01 999999 1.92844e-26 1.07372e-07 
100 0.0002 0.01 999999 1.56577e-25 2.43057e-07 
100 0.0005 0.01 999999 6.6605e-25 5.98979e-07 
100 0.001 0.01 999999 9.29071e-24 1.16693e-06 
100 0.002 0.01 999999 4.64235e-24 2.49002e-06 
100 0.005 0.01 999999 -2.37131e-17 1.34574e-05 
100 0.01 0.01 999999 -1.38769e-10 0.00027596 
100 0.02 0.01 999999 0.00384124 0.407329 
100 0.05 0.01 999999 -2.71621e-11 1.67386 
100 0.1 0.01 999999 -5.06871e-11 1.67386 
100 0.2 0.01 999999 -4.97166e-11 1.67386 
100 0.5 0.01 999999 2.30781e-10 1.67386 
100 1 0.01 999999 7.02094e-10 1.67386 
200 0.0001 0.01 999999 1.11384e-26 6.21923e-08 
200 0.0002 0.01 999999 4.48116e-26 1.26209e-07 
200 0.0005 0.01 999999 1.50073e-25 3.21052e-07 
200 0.001 0.01 999999 -8.01081e-25 7.45155e-07 
200 0.002 0.01 999999 -1.57537e-23 2.7068e-06 
200 0.005 0.01 999999 -7.83269e-17 9.5861e-05 
200 0.01 0.01 999999 -2.33698e-08 0.117647 
200 0.02 0.01 999999 -4.14481e-12 1.67386 
200 0.05 0.01 999999 -9.51017e-11 1.67386 
200 0.1 0.01 999999 5.92441e-12 1.67386 
200 0.2 0.01 999999 -6.80778e-12 1.67386 
200 0.5 0.01 999999 9.70154e-11 1.67386 
200 1 0.01 999999 -8.47132e-10 1.67386 
500 0.0001 0.01 999999 4.52772e-27 2.60129e-08 
500 0.0002 0.01 999999 1.69611e-26 5.4483e-08 
500 0.0005 0.01 999999 3.16489e-26 1.93213e-07 
500 0.001 0.01 999999 -7.83174e-24 1.03251e-06 
500 0.002 0.01 999999 -8.11641e-21 2.32301e-05 
500 0.005 0.01 999999 6.75946e-09 0.442844 
500 0.01 0.01 999999 4.52541e-10 1.67386 
500 0.02 0.01 999999 -8.16349e-13 1.67386 
500 0.05 0.01 999999 -6.7609e-10 1.67386 
500 0.1 0.01 999999 -1.09152e-09 1.67386 
500 0.2 0.01 999999 -1.83121e-09 1.67386 
500 0.5 0.01 999999 -8.4803e-09 1.67386 
500 1 0.01 999999 -1.82182e-08 1.67386 
1000 0.0001 0.01 999999 2.18486e-27 1.38939e-08 
1000 0.0002 0.01 999999 6.30086e-27 3.47064e-08 
1000 0.0005 0.01 999999 -8.8567e-25 2.8357e-07 
1000 0.001 0.01 999999 -7.1717e-22 6.93202e-06 
1000 0.002 0.01 999999 6.45745e-13 0.00439819 
1000 0.005 0.01 999999 -1.52945e-09 1.67386 
1000 0.01 0.01 999999 -4.55674e-10 1.67386 
1000 0.02 0.01 999999 -2.70061e-09 1.67386 
1000 0.05 0.01 999999 -5.75251e-09 1.67386 
1000 0.1 0.01 999999 -8.10343e-09 1.67386 
1000 0.2 0.01 999999 -1.08997e-08 1.67386 
1000 0.5 0.01 999999 -1.62777e-08 1.67386 
1000 1 0.01 999999 -1.80742e-08 1.67386 
