0.1 0.0001 1e-10 999999 1.91275e-37 1.29904e-19 
0.1 0.0002 1e-10 999999 1.05122e-36 2.59808e-19 
0.1 0.0005 1e-10 999999 1.18707e-35 6.49519e-19 
0.1 0.001 1e-10 999999 8.1982e-35 1.29904e-18 
0.1 0.002 1e-10 999999 5.91784e-34 2.59808e-18 
0.1 0.005 1e-10 999999 4.02059e-23 1.97385e-12 
0.1 0.01 1e-10 999999 -3.54918e-22 2.75434e-12 
0.1 0.02 1e-10 999999 -3.1563e-15 3.06884e-12 
0.1 0.05 1e-10 999999 -2.65386e-14 3.10344e-12 
0.1 0.1 1e-10 999999 2.00389e-16 9.81234e-14 
0.1 0.2 1e-10 999999 1.52756e-16 5.50673e-14 
0.1 0.5 1e-10 999999 8.01627e-17 2.17735e-14 
0.1 1 1e-10 999999 4.19805e-17 6.8913e-15 
0.2 0.0001 1e-10 999999 1.91275e-37 1.29904e-19 
0.2 0.0002 1e-10 999999 1.05122e-36 2.59808e-19 
0.2 0.0005 1e-10 999999 1.18707e-35 6.49519e-19 
0.2 0.001 1e-10 999999 8.1982e-35 1.29904e-18 
0.2 0.002 1e-10 999999 5.91784e-34 2.59808e-18 
0.2 0.005 1e-10 999999 4.16326e-23 1.89564e-12 
0.2 0.01 1e-10 999999 -6.24102e-22 2.57697e-12 
0.2 0.02 1e-10 999999 -3.88453e-15 2.83202e-12 
0.2 0.05 1e-10 999999 -2.89165e-14 2.82323e-12 
0.2 0.1 1e-10 999999 7.47112e-16 1.70794e-13 
0.2 0.2 1e-10 999999 6.0798e-16 1.08262e-13 
0.2 0.5 1e-10 999999 3.21329e-16 4.23725e-14 
0.2 1 1e-10 999999 1.70706e-16 1.35919e-14 
0.5 0.0001 1e-10 999999 1.91275e-37 1.29904e-19 
0.5 0.0002 1e-10 999999 1.05122e-36 2.59808e-19 
0.5 0.0005 1e-10 999999 1.18707e-35 6.49519e-19 
0.5 0.001 1e-10 999999 8.1982e-35 1.29904e-18 
0.5 0.002 1e-10 999999 5.91784e-34 2.59808e-18 
0.5 0.005 1e-10 999999 4.97796e-23 1.69346e-12 
0.5 0.01 1e-10 999999 -1.75481e-21 2.17918e-12 
0.5 0.02 1e-10 999999 -4.6563e-15 2.29521e-12 
0.5 0.05 1e-10 999999 -2.95022e-14 2.19078e-12 
0.5 0.1 1e-10 999999 4.29968e-15 3.65048e-13 
0.5 0.2 1e-10 999999 3.69352e-15 2.41696e-13 
0.5 0.5 1e-10 999999 2.03321e-15 8.92468e-14 
0.5 1 1e-10 999999 1.09804e-15 2.7225e-14 
1 0.0001 1e-10 999999 1.91275e-37 1.29904e-19 
1 0.0002 1e-10 999999 1.05122e-36 2.59808e-19 
1 0.0005 1e-10 999999 1.18707e-35 6.49519e-19 
1 0.001 1e-10 999999 8.1982e-35 1.29904e-18 
1 0.002 1e-10 999999 5.91784e-34 2.59808e-18 
1 0.005 1e-10 999999 4.24622e-29 8.3651e-13 
1 0.01 1e-10 999999 2.87053e-29 1.33908e-12 
1 0.02 1e-10 999999 -1.59229e-19 1.48074e-12 
1 0.05 1e-10 999999 -5.31558e-14 1.45729e-12 
1 0.1 1e-10 999999 -1.73211e-13 1.29755e-12 
1 0.2 1e-10 999999 -1.84286e-13 1.0421e-12 
1 0.5 1e-10 999999 7.96185e-15 1.03443e-13 
1 1 1e-10 999999 4.43542e-15 2.83099e-14 
2 0.0001 1e-10 999999 1.91275e-37 1.29904e-19 
2 0.0002 1e-10 999999 1.05122e-36 2.59808e-19 
2 0.0005 1e-10 999999 1.18707e-35 6.49519e-19 
2 0.001 1e-10 999999 8.1982e-35 1.29904e-18 
2 0.002 1e-10 999999 5.91784e-34 2.59808e-18 
2 0.005 1e-10 999999 1.50512e-29 5.19751e-13 
2 0.01 1e-10 999999 -4.55066e-25 7.96933e-13 
2 0.02 1e-10 999999 -2.45285e-23 9.98948e-13 
2 0.05 1e-10 999999 -7.31188e-14 8.02454e-13 
2 0.1 1e-10 999999 -8.76556e-15 5.31556e-13 
2 0.2 1e-10 999999 -1.1806e-12 3.23673e-13 
2 0.5 1e-10 999999 -2.01315e-11 1.14881e-12 
2 1 1e-10 999999 -9.22102e-13 1.18697e-13 
5 0.0001 1e-10 999999 1.91275e-37 1.29904e-19 
5 0.0002 1e-10 999999 1.05122e-36 2.59808e-19 
5 0.0005 1e-10 999999 1.18707e-35 6.49519e-19 
5 0.001 1e-10 999999 8.1982e-35 1.29904e-18 
5 0.002 1e-10 999999 5.91784e-34 2.59808e-18 
5 0.005 1e-10 999999 6.43884e-30 2.34137e-13 
5 0.01 1e-10 999999 -2.11462e-28 4.20307e-13 
5 0.02 1e-10 999999 -2.66672e-20 4.7629e-13 
5 0.05 1e-10 999999 -1.19873e-13 1.75864e-13 
5 0.1 1e-10 999999 -4.36937e-13 3.90965e-14 
5 0.2 1e-10 999999 -2.72155e-11 1.86493e-12 
5 0.5 1e-10 999999 -1.10686e-08 8.03255e-10 
5 1 1e-10 999999 -1.75805e-10 1.22648e-11 
10 0.0001 1e-10 999999 1.91275e-37 1.29904e-19 
10 0.0002 1e-10 999999 1.05122e-36 2.59808e-19 
10 0.0005 1e-10 999999 1.18707e-35 6.49519e-19 
10 0.001 1e-10 999999 8.1982e-35 1.29904e-18 
10 0.002 1e-10 999999 5.91784e-34 2.59808e-18 
10 0.005 1e-10 999999 5.14907e-31 1.17288e-13 
10 0.01 1e-10 999999 -3.00589e-26 2.41467e-13 
10 0.02 1e-10 999999 -3.9262e-21 3.10038e-13 
10 0.05 1e-10 999999 -6.12818e-13 4.29427e-14 
10 0.1 1e-10 999999 -1.2615e-10 5.90719e-12 
10 0.2 1e-10 999999 -1.8174e-06 1.08005e-08 
10 0.5 1e-10 999999 -2.61756e-05 2.0681e-06 
10 1 1e-10 999999 -1.1659e-07 8.93675e-09 
20 0.0001 1e-10 999999 1.91275e-37 1.29904e-19 
20 0.0002 1e-10 999999 1.05122e-36 2.59808e-19 
20 0.0005 1e-10 999999 1.18707e-35 6.49519e-19 
20 0.001 1e-10 999999 8.1982e-35 1.29904e-18 
20 0.002 1e-10 999999 5.91784e-34 2.59808e-18 
20 0.005 1e-10 999999 -8.58353e-30 5.78313e-14 
20 0.01 1e-10 999999 2.61532e-26 1.30428e-13 
20 0.02 1e-10 999999 -3.94848e-19 3.79149e-13 
20 0.05 1e-10 999999 -4.59468e-11 2.64809e-12 
20 0.1 1e-10 999999 -2.92806e-06 2.05178e-07 
20 0.2 1e-10 999999 0.000123781 0.0837666 
20 0.5 1e-10 999999 0.000119779 0.0836934 
20 1 1e-10 999999 -1.67052e-05 1.34163e-06 
50 0.0001 1e-10 999999 1.91275e-37 1.29904e-19 
50 0.0002 1e-10 999999 1.05122e-36 2.59808e-19 
50 0.0005 1e-10 999999 1.18707e-35 6.49519e-19 
50 0.001 1e-10 999999 8.1982e-35 1.29904e-18 
50 0.002 1e-10 999999 5.91784e-34 2.59808e-18 
50 0.005 1e-10 999999 -2.64175e-30 2.6025e-14 
50 0.01 1e-10 999999 -9.91932e-23 2.19992e-13 
50 0.02 1e-10 999999 -4.84829e-15 3.56621e-12 
50 0.05 1e-10 999999 -0.000271535 1.89566e-05 
50 0.1 1e-10 999999 -0.00401472 0.000340274 
50 0.2 1e-10 999999 -0.000764264 0.0837703 
50 0.5 1e-10 999999 0.000128889 0.0836986 
50 1 1e-10 999999 -0.00251876 0.000209125 
100 0.0001 1e-10 999999 1.91275e-37 1.29904e-19 
100 0.0002 1e-10 999999 1.05122e-36 2.59808e-19 
100 0.0005 1e-10 999999 1.18707e-35 6.49519e-19 
100 0.001 1e-10 999999 8.1982e-35 1.29904e-18 
100 0.002 1e-10 999999 5.91784e-34 2.59808e-18 
100 0.005 1e-10 999999 -5.48071e-29 2.98779e-14 
100 0.01 1e-10 999999 6.94607e-22 6.2325e-13 
100 0.02 1e-10 999999 -6.79471e-07 2.97783e-08 
100 0.05 1e-10 999999 -0.0097164 0.099855 
100 0.1 1e-10 999999 -0.00996523 0.000850846 
100 0.2 1e-10 999999 -0.00304636 0.000259209 
100 0.5 1e-10 999999 -0.000147364 0.0837158 
100 1 1e-10 999999 0.000347473 0.0836956 
200 0.0001 1e-10 999999 1.91275e-37 1.29904e-19 
200 0.0002 1e-10 999999 1.05122e-36 2.59808e-19 
200 0.0005 1e-10 999999 1.18707e-35 6.49519e-19 
200 0.001 1e-10 999999 8.1982e-35 1.29904e-18 
200 0.002 1e-10 999999 5.91784e-34 2.59808e-18 
200 0.005 1e-10 999999 -1.94004e-22 4.37292e-14 
200 0.01 1e-10 999999 2.12293e-12 1.56523e-11 
200 0.02 1e-10 999999 0.0181241 0.333896 
200 0.05 1e-10 999999 0.047401 1.45942 
200 0.1 1e-10 999999 1.44243e-05 0.0836931 
200 0.2 1e-10 999999 -0.00693937 0.000593439 
200 0.5 1e-10 999999 -0.00146537 0.000124582 
200 1 1e-10 999999 -3.79322e-06 0.0837052 
500 0.0001 1e-10 999999 1.91275e-37 1.29904e-19 
500 0.0002 1e-10 999999 1.05122e-36 2.59808e-19 
500 0.0005 1e-10 999999 1.18707e-35 6.49519e-19 
500 0.001 1e-10 999999 8.1982e-35 1.29904e-18 
500 0.002 1e-10 999999 5.91784e-34 2.59808e-18 
500 0.005 1e-10 999999 -1.91402e-13 5.76764e-13 
500 0.01 1e-10 999999 1.79781e-05 3.5995e-09 
500 0.02 1e-10 999999 0.0227756 1.00411 
500 0.05 1e-10 999999 7.53581e-06 0.0836931 
500 0.1 1e-10 999999 1.42415e-05 0.0836931 
500 0.2 1e-10 999999 2.18438e-05 0.0836931 
500 0.5 1e-10 999999 -0.0019445 0.0838628 
500 1 1e-10 999999 -0.00218584 0.000186368 
1000 0.0001 1e-10 999999 1.91275e-37 1.29904e-19 
1000 0.0002 1e-10 999999 1.05122e-36 2.59808e-19 
1000 0.0005 1e-10 999999 1.18707e-35 6.49519e-19 
1000 0.001 1e-10 999999 8.1982e-35 1.29904e-18 
1000 0.002 1e-10 999999 5.91784e-34 2.59808e-18 
1000 0.005 1e-10 999999 3.31853e-32 3.54456e-15 
1000 0.01 1e-10 999999 -0.0011369 5.85709e-07 
1000 0.02 1e-10 999999 0.0268326 1.3208 
1000 0.05 1e-10 999999 1.4722e-05 0.0836931 
1000 0.1 1e-10 999999 2.58903e-05 0.0836931 
1000 0.2 1e-10 999999 3.99769e-05 0.0836931 
1000 0.5 1e-10 999999 -0.00358091 0.0840083 
1000 1 1e-10 999999 -0.00169149 0.083856 
