0.1 0.0001 1 999999 4.30841e-24 2.33994e-05 
0.1 0.0002 1 999999 3.24674e-23 8.97795e-05 
0.1 0.0005 1 999999 4.37134e-22 0.000494725 
0.1 0.001 1 999999 2.66892e-21 0.0016089 
0.1 0.002 1 999999 2.64487e-19 0.00437351 
0.1 0.005 1 999999 -2.87012e-17 0.0105482 
0.1 0.01 1 999999 -5.79435e-14 0.0135341 
0.1 0.02 1 999999 1.15783e-07 0.0138179 
0.1 0.05 1 999999 -3.26362e-05 0.011558 
0.1 0.1 1 999999 0.000315576 0.00896381 
0.1 0.2 1 999999 0.000215155 0.00404204 
0.1 0.5 1 999999 8.3135e-05 0.00115658 
0.1 1 1 999999 -3.99122e-05 0.000295773 
0.2 0.0001 1 999999 4.30237e-24 2.33777e-05 
0.2 0.0002 1 999999 3.24906e-23 8.96143e-05 
0.2 0.0005 1 999999 4.35236e-22 0.00049253 
0.2 0.001 1 999999 2.65292e-21 0.00159553 
0.2 0.002 1 999999 5.10246e-20 0.00430904 
0.2 0.005 1 999999 1.52606e-16 0.0102514 
0.2 0.01 1 999999 -1.74461e-14 0.0130298 
0.2 0.02 1 999999 -9.92893e-08 0.0132717 
0.2 0.05 1 999999 0.000646516 0.0109126 
0.2 0.1 1 999999 -0.000717256 0.00829935 
0.2 0.2 1 999999 0.000217832 0.00373447 
0.2 0.5 1 999999 8.72008e-05 0.00098997 
0.2 1 1 999999 -4.37988e-05 0.000249848 
0.5 0.0001 1 999999 4.31185e-24 2.33125e-05 
0.5 0.0002 1 999999 3.24134e-23 8.9121e-05 
0.5 0.0005 1 999999 4.21763e-22 0.000486023 
0.5 0.001 1 999999 2.57301e-21 0.00155631 
0.5 0.002 1 999999 1.23093e-19 0.00412309 
0.5 0.005 1 999999 1.02164e-18 0.00943579 
0.5 0.01 1 999999 -6.04478e-15 0.011713 
0.5 0.02 1 999999 -2.57079e-08 0.0118775 
0.5 0.05 1 999999 0.000672984 0.00917222 
0.5 0.1 1 999999 -0.00281653 0.00654354 
0.5 0.2 1 999999 -0.00266785 0.257342 
0.5 0.5 1 999999 9.78968e-05 0.000632773 
0.5 1 1 999999 5.49434e-05 0.000166091 
1 0.0001 1 999999 4.27629e-24 2.32046e-05 
1 0.0002 1 999999 3.19106e-23 8.8307e-05 
1 0.0005 1 999999 9.13187e-22 0.000475431 
1 0.001 1 999999 2.46205e-21 0.00149376 
1 0.002 1 999999 1.21056e-20 0.00383675 
1 0.005 1 999999 3.1835e-19 0.00829152 
1 0.01 1 999999 -3.23935e-18 0.0100155 
1 0.02 1 999999 -1.17374e-10 0.0101349 
1 0.05 1 999999 -0.00016228 0.00699841 
1 0.1 1 999999 0.000240348 0.0897382 
1 0.2 1 999999 -0.00197566 0.255345 
1 0.5 1 999999 0.000193762 0.167891 
1 1 1 999999 -0.000244338 0.0857172 
2 0.0001 1 999999 4.21171e-24 2.29906e-05 
2 0.0002 1 999999 3.12288e-23 8.67088e-05 
2 0.0005 1 999999 4.04972e-22 0.000455166 
2 0.001 1 999999 1.85253e-20 0.00137854 
2 0.002 1 999999 2.18913e-20 0.00334278 
2 0.005 1 999999 6.49477e-20 0.00660346 
2 0.01 1 999999 -2.50811e-16 0.00776329 
2 0.02 1 999999 -2.92934e-11 0.00789818 
2 0.05 1 999999 -0.000923195 0.00438863 
2 0.1 1 999999 -0.00140103 0.169463 
2 0.2 1 999999 0.000322334 0.420463 
2 0.5 1 999999 -0.00100176 0.252172 
2 1 1 999999 0.00126128 0.167384 
5 0.0001 1 999999 4.10174e-24 2.23645e-05 
5 0.0002 1 999999 2.97588e-23 8.21424e-05 
5 0.0005 1 999999 5.23936e-22 0.00040103 
5 0.001 1 999999 1.85204e-21 0.00109946 
5 0.002 1 999999 3.99432e-20 0.00232569 
5 0.005 1 999999 2.99579e-20 0.00401173 
5 0.01 1 999999 -2.19743e-16 0.00468963 
5 0.02 1 999999 -1.62698e-12 0.00503924 
5 0.05 1 999999 0.00267887 0.00168402 
5 0.1 1 999999 0.00106769 0.669972 
5 0.2 1 999999 0.00338726 1.33946 
5 0.5 1 999999 -2.93068e-11 1.67386 
5 1 1 999999 1.69671e-09 1.67386 
10 0.0001 1 999999 3.93982e-24 2.13711e-05 
10 0.0002 1 999999 2.72142e-23 7.52334e-05 
10 0.0005 1 999999 2.90189e-22 0.000329166 
10 0.001 1 999999 1.34454e-21 0.000791616 
10 0.002 1 999999 4.60194e-21 0.00147305 
10 0.005 1 999999 -1.14699e-19 0.00243075 
10 0.01 1 999999 -1.85532e-15 0.00297373 
10 0.02 1 999999 -1.40495e-10 0.00389511 
10 0.05 1 999999 0.000196842 0.256902 
10 0.1 1 999999 4.62606e-12 1.67097 
10 0.2 1 999999 -4.35583e-13 1.67386 
10 0.5 1 999999 -4.50343e-13 1.67386 
10 1 1 999999 4.37392e-10 1.67386 
20 0.0001 1 999999 9.94809e-24 1.95577e-05 
20 0.0002 1 999999 2.2997e-23 6.36554e-05 
20 0.0005 1 999999 2.05182e-22 0.000232947 
20 0.001 1 999999 1.69328e-21 0.000479902 
20 0.002 1 999999 2.51477e-21 0.000830803 
20 0.005 1 999999 1.01293e-21 0.00143069 
20 0.01 1 999999 -2.50227e-20 0.00209048 
20 0.02 1 999999 -1.81444e-09 0.009181 
20 0.05 1 999999 -9.28633e-12 1.65957 
20 0.1 1 999999 1.14423e-13 1.67385 
20 0.2 1 999999 1.81142e-13 1.67386 
20 0.5 1 999999 4.27699e-13 1.67386 
20 1 1 999999 -1.41121e-11 1.67386 
50 0.0001 1 999999 2.74406e-24 1.52517e-05 
50 0.0002 1 999999 1.47976e-23 4.11913e-05 
50 0.0005 1 999999 1.05148e-22 0.00011307 
50 0.001 1 999999 3.39901e-22 0.000211777 
50 0.002 1 999999 1.03081e-21 0.000381048 
50 0.005 1 999999 -5.60033e-21 0.000914783 
50 0.01 1 999999 -1.02492e-13 0.00457768 
50 0.02 1 999999 -6.96877e-06 0.407362 
50 0.05 1 999999 1.35943e-13 1.67386 
50 0.1 1 999999 5.97856e-13 1.67386 
50 0.2 1 999999 -2.22589e-14 1.67386 
50 0.5 1 999999 -1.69641e-12 1.67386 
50 1 1 999999 7.45452e-12 1.67386 
100 0.0001 1 999999 1.91553e-24 1.06494e-05 
100 0.0002 1 999999 8.58467e-24 2.40354e-05 
100 0.0005 1 999999 4.96534e-23 5.91977e-05 
100 0.001 1 999999 5.28817e-22 0.000115511 
100 0.002 1 999999 -4.60861e-21 0.000247825 
100 0.005 1 999999 -2.03274e-15 0.00144116 
100 0.01 1 999999 -1.42557e-10 0.0930476 
100 0.02 1 999999 5.62691e-13 1.67328 
100 0.05 1 999999 -1.18643e-13 1.67386 
100 0.1 1 999999 3.43301e-13 1.67386 
100 0.2 1 999999 -3.96701e-13 1.67386 
100 0.5 1 999999 9.02649e-13 1.67386 
100 1 1 999999 -2.02306e-11 1.67386 
200 0.0001 1 999999 1.10922e-24 6.18455e-06 
200 0.0002 1 999999 4.38882e-24 1.25457e-05 
200 0.0005 1 999999 4.37417e-22 3.19413e-05 
200 0.001 1 999999 5.63535e-23 7.43372e-05 
200 0.002 1 999999 -1.17715e-21 0.000272077 
200 0.005 1 999999 1.12686e-13 0.0197325 
200 0.01 1 999999 3.59707e-13 1.67144 
200 0.02 1 999999 1.28993e-12 1.67386 
200 0.05 1 999999 8.3082e-13 1.67386 
200 0.1 1 999999 -5.46142e-14 1.67386 
200 0.2 1 999999 -7.46335e-13 1.67386 
200 0.5 1 999999 -4.48199e-13 1.67386 
200 1 1 999999 4.9095e-12 1.67386 
500 0.0001 1 999999 4.51717e-25 2.59515e-06 
500 0.0002 1 999999 1.68865e-24 5.43714e-06 
500 0.0005 1 999999 2.90755e-24 1.93159e-05 
500 0.001 1 999999 -8.68856e-22 0.000103618 
500 0.002 1 999999 1.22601e-15 0.00298413 
500 0.005 1 999999 5.56144e-13 1.67318 
500 0.01 1 999999 -3.80245e-12 1.67386 
500 0.02 1 999999 1.46564e-12 1.67386 
500 0.05 1 999999 -1.42721e-12 1.67386 
500 0.1 1 999999 8.67977e-13 1.67386 
500 0.2 1 999999 -8.04955e-15 1.67386 
500 0.5 1 999999 4.23697e-12 1.67386 
500 1 1 999999 7.05284e-12 1.67386 
1000 0.0001 1 999999 2.17966e-25 1.38797e-06 
1000 0.0002 1 999999 6.24882e-25 3.46897e-06 
1000 0.0005 1 999999 -7.58585e-24 2.84065e-05 
1000 0.001 1 999999 -5.60132e-16 0.000756517 
1000 0.002 1 999999 4.97124e-10 0.491666 
1000 0.005 1 999999 -1.45058e-11 1.67386 
1000 0.01 1 999999 2.5586e-12 1.67386 
1000 0.02 1 999999 -1.42465e-12 1.67386 
1000 0.05 1 999999 -1.62577e-12 1.67386 
1000 0.1 1 999999 2.49138e-12 1.67386 
1000 0.2 1 999999 2.30757e-12 1.67386 
1000 0.5 1 999999 2.49413e-11 1.67386 
1000 1 1 999999 1.37828e-11 1.67386 
