1000 0.27 0.1 10000000 -1.51959e-08 1.67386 
500 0.27 0.1 10000000 -3.47588e-09 1.67386 
200 0.27 0.1 10000000 -1.57073e-10 1.67386 
100 0.27 0.1 10000000 -1.13089e-11 1.67386 
50 0.27 0.1 10000000 5.79287e-12 1.67386 
20 0.27 0.1 10000000 1.5932e-11 1.67386 
10 0.27 0.1 10000000 -9.89715e-12 1.67386 
5 0.27 0.1 10000000 -0.00215195 0.251312 
2 0.27 0.1 10000000 -0.000127455 0.0842024 
1 0.27 0.1 10000000 1.39248e-05 0.000247724 
0.5 0.27 0.1 10000000 4.81335e-06 0.000220347 
0.2 0.27 0.1 10000000 1.35085e-06 0.000135738 
0.1 0.27 0.1 10000000 6.53428e-07 9.72043e-05 
2000 0.135 0.1 10000000 -1.98261e-08 1.67386 
1000 0.135 0.1 10000000 -1.08283e-08 1.67386 
400 0.135 0.1 10000000 -7.5864e-10 1.67386 
200 0.135 0.1 10000000 -1.43136e-11 1.67386 
100 0.135 0.1 10000000 -1.0955e-12 1.67386 
40 0.135 0.1 10000000 5.82062e-12 1.67386 
20 0.135 0.1 10000000 1.67387e-11 1.67386 
10 0.135 0.1 10000000 0.00768996 0.987435 
4 0.135 0.1 10000000 -0.000369352 6.21808e-05 
2 0.135 0.1 10000000 9.42286e-06 0.000391798 
1 0.135 0.1 10000000 1.73052e-05 0.000466464 
0.4 0.135 0.1 10000000 4.51429e-06 0.000318285 
0.2 0.135 0.1 10000000 1.79551e-06 0.000212697 
5000 0.054 0.1 10000000 -2.76046e-08 1.67386 
2500 0.054 0.1 10000000 -2.2127e-08 1.67386 
1000 0.054 0.1 10000000 -5.77692e-09 1.67386 
500 0.054 0.1 10000000 -4.39735e-10 1.67386 
250 0.054 0.1 10000000 -1.21594e-11 1.67386 
100 0.054 0.1 10000000 -8.59505e-12 1.67386 
50 0.054 0.1 10000000 -8.40822e-12 1.67384 
25 0.054 0.1 10000000 -0.00236136 1.25727 
10 0.054 0.1 10000000 -0.000945912 7.37867e-05 
5 0.054 0.1 10000000 -0.000111736 0.000199067 
2.5 0.054 0.1 10000000 -9.61198e-05 0.000585459 
1 0.054 0.1 10000000 -4.76313e-05 0.00139273 
0.5 0.054 0.1 10000000 2.01496e-05 0.00197542 
10000 0.027 0.1 10000000 -4.02278e-08 1.67386 
5000 0.027 0.1 10000000 -3.64231e-08 1.67386 
2000 0.027 0.1 10000000 -1.60467e-08 1.67386 
1000 0.027 0.1 10000000 -2.56043e-09 1.67386 
500 0.027 0.1 10000000 -1.80293e-10 1.67386 
200 0.027 0.1 10000000 4.51762e-11 1.67386 
100 0.027 0.1 10000000 1.40983e-11 1.67377 
50 0.027 0.1 10000000 0.00695812 0.167661 
20 0.027 0.1 10000000 4.59403e-06 0.000860932 
10 0.027 0.1 10000000 -1.53149e-11 0.000462103 
5 0.027 0.1 10000000 -4.1627e-12 0.000590029 
2 0.027 0.1 10000000 -2.16563e-07 0.00106606 
1 0.027 0.1 10000000 -1.015e-05 0.00162638 
20000 0.0135 0.1 10000000 -5.83842e-08 1.67386 
10000 0.0135 0.1 10000000 -3.23265e-08 1.67386 
4000 0.0135 0.1 10000000 -2.84182e-08 1.67386 
2000 0.0135 0.1 10000000 -1.24205e-08 1.67386 
1000 0.0135 0.1 10000000 -1.14967e-09 1.67386 
400 0.0135 0.1 10000000 5.54167e-11 1.67386 
200 0.0135 0.1 10000000 -3.35077e-11 1.67352 
100 0.0135 0.1 10000000 -2.61622e-07 0.0839902 
40 0.0135 0.1 10000000 1.35439e-14 0.0004526 
20 0.0135 0.1 10000000 -1.92643e-15 0.00026566 
10 0.0135 0.1 10000000 -1.75377e-15 0.000344123 
4 0.0135 0.1 10000000 -7.55946e-17 0.000671593 
2 0.0135 0.1 10000000 -1.71891e-14 0.0010893 
50000 0.0054 0.1 10000000 -1.60873e-07 1.67386 
25000 0.0054 0.1 10000000 -6.85835e-08 1.67386 
10000 0.0054 0.1 10000000 -5.34093e-08 1.67386 
5000 0.0054 0.1 10000000 -3.04154e-08 1.67386 
2500 0.0054 0.1 10000000 -1.10448e-08 1.67386 
1000 0.0054 0.1 10000000 -3.18689e-10 1.67386 
500 0.0054 0.1 10000000 9.81875e-11 1.6718 
250 0.0054 0.1 10000000 4.58261e-12 0.0113516 
100 0.0054 0.1 10000000 -7.44124e-21 0.000168019 
50 0.0054 0.1 10000000 -4.15423e-22 0.000100701 
25 0.0054 0.1 10000000 -4.91119e-20 0.000132115 
10 0.0054 0.1 10000000 -1.0657e-20 0.000274884 
5 0.0054 0.1 10000000 1.84826e-20 0.000490406 
100000 0.0027 0.1 10000000 -6.92479e-07 1.67386 
50000 0.0027 0.1 10000000 -2.4264e-07 1.67386 
20000 0.0027 0.1 10000000 -6.19037e-08 1.67386 
10000 0.0027 0.1 10000000 -4.05918e-08 1.67386 
5000 0.0027 0.1 10000000 -2.5505e-08 1.67386 
2000 0.0027 0.1 10000000 -1.02751e-09 1.67386 
1000 0.0027 0.1 10000000 6.79546e-10 1.66559 
500 0.0027 0.1 10000000 7.40403e-14 0.00281386 
200 0.0027 0.1 10000000 -1.55707e-21 6.31355e-05 
100 0.0027 0.1 10000000 -3.50917e-23 3.79143e-05 
50 0.0027 0.1 10000000 3.9532e-22 4.99919e-05 
20 0.0027 0.1 10000000 3.84794e-22 0.000106682 
10 0.0027 0.1 10000000 1.62291e-21 0.000198331 
200000 0.00135 0.1 10000000 -6.47148e-06 1.67386 
100000 0.00135 0.1 10000000 -1.80045e-06 1.67386 
40000 0.00135 0.1 10000000 -3.99175e-07 1.67386 
20000 0.00135 0.1 10000000 -1.22364e-07 1.67386 
10000 0.00135 0.1 10000000 -7.15078e-08 1.67386 
4000 0.00135 0.1 10000000 -8.41104e-09 1.67386 
2000 0.00135 0.1 10000000 7.4543e-09 1.10827 
1000 0.00135 0.1 10000000 -3.19509e-13 0.000721456 
400 0.00135 0.1 10000000 2.2786e-22 1.99428e-05 
200 0.00135 0.1 10000000 1.02718e-23 1.19822e-05 
100 0.00135 0.1 10000000 9.8497e-24 1.58414e-05 
40 0.00135 0.1 10000000 1.67255e-22 3.42657e-05 
20 0.00135 0.1 10000000 1.41069e-22 6.51776e-05 
500000 0.00054 0.1 10000000 -1.41371e-05 1.67386 
250000 0.00054 0.1 10000000 -3.30576e-05 1.67386 
100000 0.00054 0.1 10000000 -8.82467e-06 1.67386 
50000 0.00054 0.1 10000000 -2.42681e-06 1.67386 
25000 0.00054 0.1 10000000 -7.44467e-07 1.67386 
10000 0.00054 0.1 10000000 -1.44049e-07 1.67386 
5000 0.00054 0.1 10000000 6.40629e-10 0.143736 
2500 0.00054 0.1 10000000 6.26743e-14 0.000119358 
1000 0.00054 0.1 10000000 3.00012e-23 3.70862e-06 
500 0.00054 0.1 10000000 7.22816e-26 2.22887e-06 
250 0.00054 0.1 10000000 2.11129e-24 2.95162e-06 
100 0.00054 0.1 10000000 5.78122e-24 6.43848e-06 
50 0.00054 0.1 10000000 1.15523e-23 1.24261e-05 
1e+06 0.00027 0.1 10000000 0.0231575 1.6736 
500000 0.00027 0.1 10000000 0.0151564 1.67369 
200000 0.00027 0.1 10000000 -3.25134e-05 1.67386 
100000 0.00027 0.1 10000000 -2.561e-05 1.67386 
50000 0.00027 0.1 10000000 -8.41813e-06 1.67386 
20000 0.00027 0.1 10000000 -1.64267e-06 1.67386 
10000 0.00027 0.1 10000000 4.39012e-11 0.0362744 
5000 0.00027 0.1 10000000 2.37603e-15 3.04118e-05 
2000 0.00027 0.1 10000000 -2.18605e-24 9.76463e-07 
1000 0.00027 0.1 10000000 1.80002e-26 5.86909e-07 
500 0.00027 0.1 10000000 2.87433e-25 7.77658e-07 
200 0.00027 0.1 10000000 7.82702e-25 1.70119e-06 
100 0.00027 0.1 10000000 1.5691e-24 3.29967e-06 
2e+06 0.000135 0.1 10000000 0.0299194 1.67351 
1e+06 0.000135 0.1 10000000 0.0271861 1.67354 
400000 0.000135 0.1 10000000 0.00248125 0.585829 
200000 0.000135 0.1 10000000 0.00259846 1.00429 
100000 0.000135 0.1 10000000 -3.33058e-05 1.67386 
40000 0.000135 0.1 10000000 -1.95954e-05 1.67386 
20000 0.000135 0.1 10000000 -1.23328e-10 0.00887604 
10000 0.000135 0.1 10000000 7.8202e-19 7.74122e-06 
4000 0.000135 0.1 10000000 -2.78498e-25 2.50603e-07 
2000 0.000135 0.1 10000000 2.86073e-27 1.50633e-07 
1000 0.000135 0.1 10000000 -1.13324e-24 1.99647e-07 
400 0.000135 0.1 10000000 1.01843e-25 4.37372e-07 
200 0.000135 0.1 10000000 2.04381e-25 8.50479e-07 
5e+06 5.4e-05 0.1 10000000 1.71553e-18 0.0836931 
2.5e+06 5.4e-05 0.1 10000000 -3.6788e-18 0.0836931 
1e+06 5.4e-05 0.1 10000000 0.0313315 1.67348 
500000 5.4e-05 0.1 10000000 0.0286511 1.67351 
250000 5.4e-05 0.1 10000000 0.0255825 1.67344 
100000 5.4e-05 0.1 10000000 0.00981401 1.33892 
50000 5.4e-05 0.1 10000000 2.14285e-11 0.00141518 
25000 5.4e-05 0.1 10000000 -4.74435e-23 1.25759e-06 
10000 5.4e-05 0.1 10000000 -1.80229e-26 4.07366e-08 
5000 5.4e-05 0.1 10000000 2.07242e-28 2.44868e-08 
2500 5.4e-05 0.1 10000000 2.46185e-27 3.24599e-08 
1000 5.4e-05 0.1 10000000 6.67673e-27 7.11724e-08 
500 5.4e-05 0.1 10000000 4.15543e-26 1.38607e-07 
1e+07 2.7e-05 0.1 10000000 -1.2117e-18 0.0836931 
5e+06 2.7e-05 0.1 10000000 -2.84264e-19 0.0836931 
2e+06 2.7e-05 0.1 10000000 1.73981e-18 0.0836931 
1e+06 2.7e-05 0.1 10000000 0.0321294 1.67346 
500000 2.7e-05 0.1 10000000 0.00316503 0.251042 
200000 2.7e-05 0.1 10000000 0.00258242 0.41844 
100000 2.7e-05 0.1 10000000 -2.57379e-12 0.000353507 
50000 2.7e-05 0.1 10000000 -5.31472e-22 3.16093e-07 
20000 2.7e-05 0.1 10000000 -2.2616e-27 1.02383e-08 
10000 2.7e-05 0.1 10000000 2.69422e-29 6.15428e-09 
5000 2.7e-05 0.1 10000000 3.10414e-28 8.15859e-09 
2000 2.7e-05 0.1 10000000 8.4126e-28 1.7894e-08 
1000 2.7e-05 0.1 10000000 1.68002e-27 3.48658e-08 
