100 0.1 50 1999999 -5.69612e-14 3.34773 0 
100 0.1 50 1999999 -0.00474234 3.34772 0.9 
100 0.1 50 1999999 -0.00953341 3.34771 1.8 
100 0.1 50 1999999 -0.0144238 3.34769 2.7 
100 0.1 50 1999999 -0.0194682 3.34766 3.6 
100 0.1 50 1999999 -0.0247274 3.34761 4.5 
100 0.1 50 1999999 -0.0302722 3.34756 5.4 
100 0.1 50 1999999 -0.0361872 3.34749 6.3 
100 0.1 50 1999999 -0.0425775 3.34739 7.2 
100 0.1 50 1999999 -0.0495782 3.34727 8.1 
100 0.1 50 1999999 -0.0573707 3.34712 9 
100 0.1 50 1999999 -0.0662107 3.34692 9.9 
100 0.1 50 1999999 -0.0764818 3.34664 10.8 
100 0.1 50 1999999 -0.0888145 3.34626 11.7 
100 0.1 50 1999999 -0.10441 3.34569 12.6 
100 0.1 50 1999999 -0.126397 3.3447 13.5 
100 0.1 50 1999999 -0.597608 3.20823 14.4 
100 0.1 50 1999999 -0.603349 3.20717 15.3 
100 0.1 50 1999999 -0.609219 3.20606 16.2 
100 0.1 50 1999999 -0.615406 3.20486 17.1 
100 0.1 50 1999999 -0.622061 3.20355 18 
100 0.1 50 1999999 -0.629357 3.20208 18.9 
100 0.1 50 1999999 -0.637521 3.20042 19.8 
100 0.1 50 1999999 -0.646877 3.19848 20.7 
100 0.1 50 1999999 -0.657939 3.19613 21.6 
100 0.1 50 1999999 -0.671625 3.19315 22.5 
100 0.1 50 1999999 -0.690024 3.18902 23.4 
100 0.1 50 1999999 -1.12371 2.97378 24.3 
100 0.1 50 1999999 -1.12902 2.97179 25.2 
100 0.1 50 1999999 -1.13428 2.96978 26.1 
100 0.1 50 1999999 -1.13977 2.96764 27 
100 0.1 50 1999999 -1.14562 2.96534 27.9 
100 0.1 50 1999999 -1.15199 2.96281 28.8 
100 0.1 50 1999999 -1.15907 2.95996 29.7 
100 0.1 50 1999999 -1.16715 2.95669 30.6 
100 0.1 50 1999999 -1.17664 2.95279 31.5 
100 0.1 50 1999999 -1.18828 2.94796 32.4 
100 0.1 50 1999999 -1.20364 2.94149 33.3 
100 0.1 50 1999999 -1.22861 2.93066 34.2 
100 0.1 50 1999999 -1.58913 2.65526 35.1 
100 0.1 50 1999999 -1.59341 2.65262 36 
100 0.1 50 1999999 -1.59781 2.64987 36.9 
100 0.1 50 1999999 -1.60248 2.64692 37.8 
100 0.1 50 1999999 -1.60755 2.64369 38.7 
100 0.1 50 1999999 -1.6132 2.64006 39.6 
100 0.1 50 1999999 -1.61967 2.63588 40.5 
100 0.1 50 1999999 -1.62734 2.6309 41.4 
100 0.1 50 1999999 -1.63685 2.62469 42.3 
100 0.1 50 1999999 -1.64959 2.61631 43.2 
100 0.1 50 1999999 -1.67055 2.60233 44.1 
100 0.1 50 1999999 -1.96878 2.27591 45 
100 0.1 50 1999999 -1.97159 2.27322 45.9 
100 0.1 50 1999999 -1.97444 2.27042 46.8 
100 0.1 50 1999999 -1.97748 2.26742 47.7 
100 0.1 50 1999999 -1.98083 2.26408 48.6 
100 0.1 50 1999999 -1.98467 2.26027 49.5 
100 0.1 50 1999999 -1.98924 2.25574 50.4 
100 0.1 50 1999999 -1.99496 2.25012 51.3 
100 0.1 50 1999999 -2.00253 2.24275 52.2 
100 0.1 50 1999999 -2.01366 2.232 53.1 
100 0.1 50 1999999 -2.25567 1.85928 54 
100 0.1 50 1999999 -2.2569 1.85722 54.9 
100 0.1 50 1999999 -2.25805 1.85519 55.8 
100 0.1 50 1999999 -2.25931 1.85296 56.7 
100 0.1 50 1999999 -2.26083 1.85038 57.6 
100 0.1 50 1999999 -2.26277 1.84726 58.5 
100 0.1 50 1999999 -2.26532 1.84334 59.4 
100 0.1 50 1999999 -2.2688 1.83826 60.3 
100 0.1 50 1999999 -2.27369 1.83137 61.2 
100 0.1 50 1999999 -2.28101 1.82137 62.1 
100 0.1 50 1999999 -2.29431 1.80349 63 
100 0.1 50 1999999 -2.45641 1.41872 63.9 
100 0.1 50 1999999 -2.45726 1.41659 64.8 
100 0.1 50 1999999 -2.45829 1.41414 65.7 
100 0.1 50 1999999 -2.4596 1.41122 66.6 
100 0.1 50 1999999 -2.46129 1.40765 67.5 
100 0.1 50 1999999 -2.46347 1.40324 68.4 
100 0.1 50 1999999 -2.4663 1.39768 69.3 
100 0.1 50 1999999 -2.47004 1.39052 70.2 
100 0.1 50 1999999 -2.47514 1.38087 71.1 
100 0.1 50 1999999 -2.48273 1.3666 72 
100 0.1 50 1999999 -2.58079 0.959368 72.9 
100 0.1 50 1999999 -2.58192 0.956112 73.8 
100 0.1 50 1999999 -2.5831 0.952697 74.7 
100 0.1 50 1999999 -2.58441 0.948931 75.6 
100 0.1 50 1999999 -2.58592 0.944677 76.5 
100 0.1 50 1999999 0.13822 -3.34398 77.4 
100 0.1 50 1999999 0.132335 -3.34431 78.3 
100 0.1 50 1999999 0.125878 -3.34466 79.2 
100 0.1 50 1999999 0.11879 -3.34501 80.1 
100 0.1 50 1999999 0.111037 -3.34537 81 
100 0.1 50 1999999 0.1026 -3.34572 81.9 
100 0.1 50 1999999 0.0934677 -3.34607 82.8 
100 0.1 50 1999999 0.0836478 -3.34641 83.7 
100 0.1 50 1999999 0.0731631 -3.34672 84.6 
100 0.1 50 1999999 0.0620554 -3.34701 85.5 
100 0.1 50 1999999 0.0503865 -3.34725 86.4 
100 0.1 50 1999999 0.0382385 -3.34745 87.3 
100 0.1 50 1999999 0.0257118 -3.3476 88.2 
100 0.1 50 1999999 0.0129229 -3.34769 89.1 
100 0.1 50 1999999 1.42186e-13 -3.34773 90 
100 0.1 50 1999999 1.42186e-13 -3.34773 90 
100 0.1 50 1999999 -0.0129229 -3.34769 90.9 
100 0.1 50 1999999 -0.0257118 -3.3476 91.8 
100 0.1 50 1999999 -0.0382385 -3.34745 92.7 
100 0.1 50 1999999 -0.0503865 -3.34725 93.6 
100 0.1 50 1999999 -0.0620554 -3.34701 94.5 
100 0.1 50 1999999 -0.0731631 -3.34672 95.4 
100 0.1 50 1999999 -0.0836478 -3.34641 96.3 
100 0.1 50 1999999 -0.0934677 -3.34607 97.2 
100 0.1 50 1999999 -0.1026 -3.34572 98.1 
100 0.1 50 1999999 -0.111037 -3.34537 99 
100 0.1 50 1999999 -0.11879 -3.34501 99.9 
100 0.1 50 1999999 -0.125878 -3.34466 100.8 
100 0.1 50 1999999 -0.132335 -3.34431 101.7 
100 0.1 50 1999999 -0.13822 -3.34398 102.6 
100 0.1 50 1999999 2.58592 0.944677 103.5 
100 0.1 50 1999999 2.58441 0.948931 104.4 
100 0.1 50 1999999 2.5831 0.952697 105.3 
100 0.1 50 1999999 2.58192 0.956112 106.2 
100 0.1 50 1999999 2.58079 0.959368 107.1 
100 0.1 50 1999999 2.48273 1.3666 108 
100 0.1 50 1999999 2.47514 1.38087 108.9 
100 0.1 50 1999999 2.47004 1.39052 109.8 
100 0.1 50 1999999 2.4663 1.39768 110.7 
100 0.1 50 1999999 2.46347 1.40324 111.6 
100 0.1 50 1999999 2.46129 1.40765 112.5 
100 0.1 50 1999999 2.4596 1.41122 113.4 
100 0.1 50 1999999 2.45829 1.41414 114.3 
100 0.1 50 1999999 2.45726 1.41659 115.2 
100 0.1 50 1999999 2.45641 1.41872 116.1 
100 0.1 50 1999999 2.29431 1.80349 117 
100 0.1 50 1999999 2.28101 1.82137 117.9 
100 0.1 50 1999999 2.27369 1.83137 118.8 
100 0.1 50 1999999 2.2688 1.83826 119.7 
100 0.1 50 1999999 2.26532 1.84334 120.6 
100 0.1 50 1999999 2.26277 1.84726 121.5 
100 0.1 50 1999999 2.26083 1.85038 122.4 
100 0.1 50 1999999 2.25931 1.85296 123.3 
100 0.1 50 1999999 2.25805 1.85519 124.2 
100 0.1 50 1999999 2.2569 1.85722 125.1 
100 0.1 50 1999999 2.25567 1.85928 126 
100 0.1 50 1999999 2.01366 2.232 126.9 
100 0.1 50 1999999 2.00253 2.24275 127.8 
100 0.1 50 1999999 1.99496 2.25012 128.7 
100 0.1 50 1999999 1.98924 2.25574 129.6 
100 0.1 50 1999999 1.98467 2.26027 130.5 
100 0.1 50 1999999 1.98083 2.26408 131.4 
100 0.1 50 1999999 1.97748 2.26742 132.3 
100 0.1 50 1999999 1.97444 2.27042 133.2 
100 0.1 50 1999999 1.97159 2.27322 134.1 
100 0.1 50 1999999 1.96878 2.27591 135 
100 0.1 50 1999999 1.67055 2.60233 135.9 
100 0.1 50 1999999 1.64959 2.61631 136.8 
100 0.1 50 1999999 1.63685 2.62469 137.7 
100 0.1 50 1999999 1.62734 2.6309 138.6 
100 0.1 50 1999999 1.61967 2.63588 139.5 
100 0.1 50 1999999 1.6132 2.64006 140.4 
100 0.1 50 1999999 1.60755 2.64369 141.3 
100 0.1 50 1999999 1.60248 2.64692 142.2 
100 0.1 50 1999999 1.59781 2.64987 143.1 
100 0.1 50 1999999 1.59341 2.65262 144 
100 0.1 50 1999999 1.58913 2.65526 144.9 
100 0.1 50 1999999 1.22861 2.93066 145.8 
100 0.1 50 1999999 1.20364 2.94149 146.7 
100 0.1 50 1999999 1.18828 2.94796 147.6 
100 0.1 50 1999999 1.17664 2.95279 148.5 
100 0.1 50 1999999 1.16715 2.95669 149.4 
100 0.1 50 1999999 1.15907 2.95996 150.3 
100 0.1 50 1999999 1.15199 2.96281 151.2 
100 0.1 50 1999999 1.14562 2.96534 152.1 
100 0.1 50 1999999 1.13977 2.96764 153 
100 0.1 50 1999999 1.13428 2.96978 153.9 
100 0.1 50 1999999 1.12902 2.97179 154.8 
100 0.1 50 1999999 1.12371 2.97378 155.7 
100 0.1 50 1999999 0.690024 3.18902 156.6 
100 0.1 50 1999999 0.671625 3.19315 157.5 
100 0.1 50 1999999 0.657939 3.19613 158.4 
100 0.1 50 1999999 0.646877 3.19848 159.3 
100 0.1 50 1999999 0.637521 3.20042 160.2 
100 0.1 50 1999999 0.629357 3.20208 161.1 
100 0.1 50 1999999 0.622061 3.20355 162 
100 0.1 50 1999999 0.615406 3.20486 162.9 
100 0.1 50 1999999 0.609219 3.20606 163.8 
100 0.1 50 1999999 0.603349 3.20717 164.7 
100 0.1 50 1999999 0.597608 3.20823 165.6 
100 0.1 50 1999999 0.126397 3.3447 166.5 
100 0.1 50 1999999 0.10441 3.34569 167.4 
100 0.1 50 1999999 0.0888145 3.34626 168.3 
100 0.1 50 1999999 0.0764818 3.34664 169.2 
100 0.1 50 1999999 0.0662107 3.34692 170.1 
100 0.1 50 1999999 0.0573707 3.34712 171 
100 0.1 50 1999999 0.0495782 3.34727 171.9 
100 0.1 50 1999999 0.0425775 3.34739 172.8 
100 0.1 50 1999999 0.0361872 3.34749 173.7 
100 0.1 50 1999999 0.0302722 3.34756 174.6 
100 0.1 50 1999999 0.0247274 3.34761 175.5 
100 0.1 50 1999999 0.0194682 3.34766 176.4 
100 0.1 50 1999999 0.0144238 3.34769 177.3 
100 0.1 50 1999999 0.00953341 3.34771 178.2 
100 0.1 50 1999999 0.00474234 3.34772 179.1 
100 0.1 50 1999999 -5.98809e-14 3.34773 180 
