100 0.01 10 1999999 1.6548e-13 3.32596 0 
100 0.01 10 300000 4.41881e-14 0.480406 0 
100 0.01 1 300000 0 0 0 
100 0.01 10 300000 0 0 0 
100 0.01 10 300000 4.41881e-14 0.480406 0 
100 0.01 10 600000 -8.862e-14 0.982565 0 
100 0.01 10 999999 -1.30686e-13 1.6521 0 
10 0.01 1 999999 0 0 0 
10 0.1 1 999999 0 0 0 
10 0.05 1 999999 0 0 0 
10 0.05 1 999999 0.000196842 0.256902 0 
10 0.02 1 999999 -1.40495e-10 0.00389511 0 
100 0.01 10 499999 -0.282452 0.486084 30 
100 0.01 10 499999 -2.88187e-15 -0.458291 90 
100 0.02 10 499999 9.95621e-15 -0.836855 90 
