0 1.5708
0.01 1.5708
0.02 1.5708
0.03 1.5708
0.04 1.5708
0.05 1.5708
0.06 1.5708
0.07 1.5708
0.08 1.5708
0.09 1.5708
0.1 1.5708
0.11 1.5708
0.12 1.5708
0.13 1.5708
0.14 1.5708
0.15 1.5708
0.16 1.5708
0.17 1.5708
0.18 1.5708
0.19 1.5708
0.2 1.5708
0.21 1.5708
0.22 1.5708
0.23 1.5708
0.24 1.5708
0.25 1.5708
0.26 1.5708
0.27 1.5708
0.28 1.5708
0.29 1.5708
0.3 1.5708
0.31 1.5708
0.32 1.5708
0.33 1.5708
0.34 1.5708
0.35 1.5708
0.36 1.5708
0.37 1.5708
0.38 1.5708
0.39 1.5708
0.4 1.5708
0.41 1.5708
0.42 1.5708
0.43 1.5708
0.44 1.5708
0.45 1.5708
0.46 1.5708
0.47 1.5708
0.48 1.5708
0.49 1.5708
0.5 1.5708
0.51 1.5708
0.52 1.5708
0.53 1.5708
0.54 1.5708
0.55 1.5708
0.56 1.5708
0.57 1.5708
0.58 1.5708
0.59 1.5708
0.6 1.5708
0.61 1.5708
0.62 1.5708
0.63 1.5708
0.64 1.5708
0.65 1.5708
0.66 1.5708
0.67 1.5708
0.68 1.5708
0.69 1.5708
0.7 1.5708
0.71 1.5708
0.72 1.5708
0.73 1.5708
0.74 1.5708
0.75 1.5708
0.76 1.5708
0.77 1.5708
0.78 1.5708
0.79 1.5708
0.8 1.5708
0.81 1.5708
0.82 1.5708
0.83 1.5708
0.84 1.5708
0.85 1.5708
0.86 1.5708
0.87 1.5708
0.88 1.5708
0.89 1.5708
0.9 1.5708
0.91 1.5708
0.92 1.5708
0.93 1.5708
0.94 1.5708
0.95 1.5708
0.96 1.5708
0.97 1.5708
0.98 1.5708
0.99 1.5708
1 1.5708
1.01 1.5708
1.02 1.5708
1.03 1.5708
1.04 1.5708
1.05 1.5708
1.06 1.5708
1.07 1.5708
1.08 1.5708
1.09 1.5708
1.1 1.5708
1.11 1.5708
1.12 1.5708
1.13 1.5708
1.14 1.5708
1.15 1.5708
1.16 1.5708
1.17 1.5708
1.18 1.5708
1.19 1.5708
1.2 1.5708
1.21 1.5708
1.22 1.5708
1.23 1.5708
1.24 1.5708
1.25 1.5708
1.26 1.5708
1.27 1.5708
1.28 1.5708
1.29 1.5708
1.3 1.5708
1.31 1.5708
1.32 1.5708
1.33 1.5708
1.34 1.5708
1.35 1.5708
1.36 1.5708
1.37 1.5708
1.38 1.5708
1.39 1.5708
1.4 1.5708
1.41 1.5708
1.42 1.5708
1.43 1.5708
1.44 1.5708
1.45 1.5708
1.46 1.5708
1.47 1.5708
1.48 1.5708
1.49 1.5708
1.5 1.5708
1.51 1.5708
1.52 1.5708
1.53 1.5708
1.54 1.5708
1.55 1.5708
1.56 1.5708
1.57 1.5708
1.58 1.5708
1.59 1.5708
1.6 1.5708
1.61 1.5708
1.62 1.5708
1.63 1.5708
1.64 1.5708
1.65 1.5708
1.66 1.5708
1.67 1.5708
1.68 1.5708
1.69 1.5708
1.7 1.5708
1.71 1.5708
1.72 1.5708
1.73 1.5708
1.74 1.5708
1.75 1.5708
1.76 1.5708
1.77 1.5708
1.78 1.5708
1.79 1.5708
1.8 1.5708
1.81 1.5708
1.82 1.5708
1.83 1.5708
1.84 1.5708
1.85 1.5708
1.86 1.5708
1.87 1.5708
1.88 1.5708
1.89 1.5708
1.9 1.5708
1.91 1.5708
1.92 1.5708
1.93 1.5708
1.94 1.5708
1.95 1.5708
1.96 1.5708
1.97 1.5708
1.98 1.5708
1.99 1.5708
2 1.5708
2.01 1.5708
2.02 1.5708
2.03 1.5708
2.04 1.5708
2.05 1.5708
2.06 1.5708
2.07 1.5708
2.08 1.5708
2.09 1.5708
2.1 1.5708
2.11 1.5708
2.12 1.5708
2.13 1.5708
2.14 1.5708
2.15 1.5708
2.16 1.5708
2.17 1.5708
2.18 1.5708
2.19 1.5708
2.2 1.5708
2.21 1.5708
2.22 1.5708
2.23 1.5708
2.24 1.5708
2.25 1.5708
2.26 1.5708
2.27 1.5708
2.28 1.5708
2.29 1.5708
2.3 1.5708
2.31 1.5708
2.32 1.5708
2.33 1.5708
2.34 1.5708
2.35 1.5708
2.36 1.5708
2.37 1.5708
2.38 1.5708
2.39 1.5708
2.4 1.5708
2.41 1.5708
2.42 1.5708
2.43 1.5708
2.44 1.5708
2.45 1.5708
2.46 1.5708
2.47 1.5708
2.48 1.5708
2.49 1.5708
2.5 1.5708
2.51 1.5708
2.52 1.5708
2.53 1.5708
2.54 1.5708
2.55 1.5708
2.56 1.5708
2.57 1.5708
2.58 1.5708
2.59 1.5708
2.6 1.5708
2.61 1.5708
2.62 1.5708
2.63 1.5708
2.64 1.5708
2.65 1.5708
2.66 1.5708
2.67 1.5708
2.68 1.5708
2.69 1.5708
2.7 1.5708
2.71 1.5708
2.72 1.5708
2.73 1.5708
2.74 1.5708
2.75 1.5708
2.76 1.5708
2.77 1.5708
2.78 1.5708
2.79 1.5708
2.8 1.5708
2.81 1.5708
2.82 1.5708
2.83 1.5708
2.84 1.5708
2.85 1.5708
2.86 1.5708
2.87 1.5708
2.88 1.5708
2.89 1.5708
2.9 1.5708
2.91 1.5708
2.92 1.5708
2.93 1.5708
2.94 1.5708
2.95 1.5708
2.96 1.5708
2.97 1.5708
2.98 1.5708
2.99 1.5708
3 1.5708
3.01 1.5708
3.02 1.5708
3.03 1.5708
3.04 1.5708
3.05 1.5708
3.06 1.5708
3.07 1.5708
3.08 1.5708
3.09 1.5708
3.1 1.5708
3.11 1.5708
3.12 1.5708
3.13 1.5708
3.14 1.5708
3.15 1.5708
3.16 1.5708
3.17 1.5708
3.18 1.5708
3.19 1.5708
3.2 1.5708
3.21 1.5708
3.22 1.5708
3.23 1.5708
3.24 1.5708
3.25 1.5708
3.26 1.5708
3.27 1.5708
3.28 1.5708
3.29 1.5708
3.3 1.5708
3.31 1.5708
3.32 1.5708
3.33 1.5708
3.34 1.5708
3.35 1.5708
3.36 1.5708
3.37 1.5708
3.38 1.5708
3.39 1.5708
3.4 1.5708
3.41 1.5708
3.42 1.5708
3.43 1.5708
3.44 1.5708
3.45 1.5708
3.46 1.5708
3.47 1.5708
3.48 1.5708
3.49 1.5708
3.5 1.5708
3.51 1.5708
3.52 1.5708
3.53 1.5708
3.54 1.5708
3.55 1.5708
3.56 1.5708
3.57 1.5708
3.58 1.5708
3.59 1.5708
3.6 1.5708
3.61 1.5708
3.62 1.5708
3.63 1.5708
3.64 1.5708
3.65 1.5708
3.66 1.5708
3.67 1.5708
3.68 1.5708
3.69 1.5708
3.7 1.5708
3.71 1.5708
3.72 1.5708
3.73 1.5708
3.74 1.5708
3.75 1.5708
3.76 1.5708
3.77 1.5708
3.78 1.5708
3.79 1.5708
3.8 1.5708
3.81 1.5708
3.82 1.5708
3.83 1.5708
3.84 1.5708
3.85 1.5708
3.86 1.5708
3.87 1.5708
3.88 1.5708
3.89 1.5708
3.9 1.5708
3.91 1.5708
3.92 1.5708
3.93 1.5708
3.94 1.5708
3.95 1.5708
3.96 1.5708
3.97 1.5708
3.98 1.5708
3.99 1.5708
4 1.5708
4.01 1.5708
4.02 1.5708
4.03 1.5708
4.04 1.5708
4.05 1.5708
4.06 1.5708
4.07 1.5708
4.08 1.5708
4.09 1.5708
4.1 1.5708
4.11 1.5708
4.12 1.5708
4.13 1.5708
4.14 1.5708
4.15 1.5708
4.16 1.5708
4.17 1.5708
4.18 1.5708
4.19 1.5708
4.2 1.5708
4.21 1.5708
4.22 1.5708
4.23 1.5708
4.24 1.5708
4.25 1.5708
4.26 1.5708
4.27 1.5708
4.28 1.5708
4.29 1.5708
4.3 1.5708
4.31 1.5708
4.32 1.5708
4.33 1.5708
4.34 1.5708
4.35 1.5708
4.36 1.5708
4.37 1.5708
4.38 1.5708
4.39 1.5708
4.4 1.5708
4.41 1.5708
4.42 1.5708
4.43 1.5708
4.44 1.5708
4.45 1.5708
4.46 1.5708
4.47 1.5708
4.48 1.5708
4.49 1.5708
4.5 1.5708
4.51 1.5708
4.52 1.5708
4.53 1.5708
4.54 1.5708
4.55 1.5708
4.56 1.5708
4.57 1.5708
4.58 1.5708
4.59 1.5708
4.6 1.5708
4.61 1.5708
4.62 1.5708
4.63 1.5708
4.64 1.5708
4.65 1.5708
4.66 1.5708
4.67 1.5708
4.68 1.5708
4.69 1.5708
4.7 1.5708
4.71 1.5708
4.72 1.5708
4.73 1.5708
4.74 1.5708
4.75 1.5708
4.76 1.5708
4.77 1.5708
4.78 1.5708
4.79 1.5708
4.8 1.5708
4.81 1.5708
4.82 1.5708
4.83 1.5708
4.84 1.5708
4.85 1.5708
4.86 1.5708
4.87 1.5708
4.88 1.5708
4.89 1.5708
4.9 1.5708
4.91 1.5708
4.92 1.5708
4.93 1.5708
4.94 1.5708
4.95 1.5708
4.96 1.5708
4.97 1.5708
4.98 1.5708
4.99 1.5708
5 1.5708
