0 0
0.01 6.42502e-09
0.02 4.77011e-08
0.03 1.48161e-07
0.04 3.24212e-07
0.05 5.87693e-07
0.06 9.48166e-07
0.07 1.41449e-06
0.08 1.99593e-06
0.09 2.703e-06
0.1 3.54816e-06
0.11 4.54651e-06
0.12 5.71646e-06
0.13 7.08058e-06
0.14 8.66661e-06
0.15 1.05087e-05
0.16 1.26492e-05
0.17 1.51404e-05
0.18 1.8048e-05
0.19 2.14543e-05
0.2 2.54632e-05
0.21 3.02075e-05
0.22 3.58576e-05
0.23 4.2634e-05
0.24 5.08253e-05
0.25 6.0812e-05
0.26 7.31009e-05
0.27 8.83739e-05
0.28 0.000107557
0.29 0.000131924
0.3 0.000163238
0.31 0.000203974
0.32 0.000257634
0.33 0.000329232
0.34 0.000426008
0.35 0.000558529
0.36 0.000742347
0.37 0.00100055
0.38 0.00136766
0.39 0.00189567
0.4 0.00266316
0.41 0.00378919
0.42 0.00545329
0.43 0.00792206
0.44 0.0115756
0.45 0.0169031
0.46 0.0243792
0.47 0.0340775
0.48 0.0451181
0.49 0.0557461
0.5 0.0644651
0.51 0.0708445
0.52 0.075217
0.53 0.07812
0.54 0.0800211
0.55 0.0812609
0.56 0.0820699
0.57 0.0825998
0.58 0.0829489
0.59 0.0831805
0.6 0.0833357
0.61 0.0834409
0.62 0.083513
0.63 0.0835632
0.64 0.0835988
0.65 0.0836246
0.66 0.0836438
0.67 0.0836586
0.68 0.0836704
0.69 0.0836803
0.7 0.083689
0.71 0.0836972
0.72 0.0837052
0.73 0.0837136
0.74 0.0837228
0.75 0.0837331
0.76 0.0837452
0.77 0.0837597
0.78 0.0837775
0.79 0.0837997
0.8 0.083828
0.81 0.0838644
0.82 0.0839122
0.83 0.0839758
0.84 0.0840616
0.85 0.0841789
0.86 0.0843415
0.87 0.0845698
0.88 0.0848942
0.89 0.0853608
0.9 0.0860391
0.91 0.0870346
0.92 0.088507
0.93 0.0906953
0.94 0.0939461
0.95 0.0987247
0.96 0.10554
0.97 0.114645
0.98 0.125477
0.99 0.136443
1 0.145828
1.01 0.152883
1.02 0.157788
1.03 0.161066
1.04 0.16322
1.05 0.164626
1.06 0.165544
1.07 0.166145
1.08 0.166541
1.09 0.166804
1.1 0.16698
1.11 0.167099
1.12 0.167181
1.13 0.167238
1.14 0.167278
1.15 0.167307
1.16 0.167329
1.17 0.167345
1.18 0.167358
1.19 0.167369
1.2 0.167378
1.21 0.167387
1.22 0.167395
1.23 0.167404
1.24 0.167413
1.25 0.167423
1.26 0.167436
1.27 0.16745
1.28 0.167468
1.29 0.167489
1.3 0.167517
1.31 0.167553
1.32 0.1676
1.33 0.167663
1.34 0.167747
1.35 0.167862
1.36 0.168022
1.37 0.168246
1.38 0.168565
1.39 0.169023
1.4 0.169689
1.41 0.170667
1.42 0.172114
1.43 0.174264
1.44 0.177459
1.45 0.182162
1.46 0.188882
1.47 0.197896
1.48 0.208685
1.49 0.219687
1.5 0.229165
1.51 0.23632
1.52 0.241307
1.53 0.244643
1.54 0.246836
1.55 0.248267
1.56 0.249202
1.57 0.249815
1.58 0.250218
1.59 0.250486
1.6 0.250666
1.61 0.250787
1.62 0.25087
1.63 0.250928
1.64 0.250969
1.65 0.250999
1.66 0.25102
1.67 0.251037
1.68 0.25105
1.69 0.251061
1.7 0.251071
1.71 0.251079
1.72 0.251088
1.73 0.251096
1.74 0.251106
1.75 0.251116
1.76 0.251128
1.77 0.251143
1.78 0.25116
1.79 0.251182
1.8 0.25121
1.81 0.251246
1.82 0.251293
1.83 0.251355
1.84 0.251439
1.85 0.251554
1.86 0.251713
1.87 0.251937
1.88 0.252254
1.89 0.252711
1.9 0.253376
1.91 0.254351
1.92 0.255793
1.93 0.257937
1.94 0.261124
1.95 0.265815
1.96 0.272521
1.97 0.28152
1.98 0.292301
1.99 0.303309
2 0.312801
2.01 0.319973
2.02 0.324972
2.03 0.328318
2.04 0.330516
2.05 0.331952
2.06 0.33289
2.07 0.333504
2.08 0.333909
2.09 0.334178
2.1 0.334357
2.11 0.334479
2.12 0.334563
2.13 0.334621
2.14 0.334662
2.15 0.334691
2.16 0.334713
2.17 0.33473
2.18 0.334743
2.19 0.334754
2.2 0.334764
2.21 0.334772
2.22 0.334781
2.23 0.33479
2.24 0.334799
2.25 0.334809
2.26 0.334821
2.27 0.334836
2.28 0.334853
2.29 0.334875
2.3 0.334903
2.31 0.334939
2.32 0.334986
2.33 0.335048
2.34 0.335132
2.35 0.335247
2.36 0.335406
2.37 0.335629
2.38 0.335947
2.39 0.336404
2.4 0.337068
2.41 0.338042
2.42 0.339484
2.43 0.341627
2.44 0.344813
2.45 0.349501
2.46 0.356205
2.47 0.365202
2.48 0.375982
2.49 0.386991
2.5 0.396485
2.51 0.403659
2.52 0.408661
2.53 0.412008
2.54 0.414208
2.55 0.415644
2.56 0.416582
2.57 0.417197
2.58 0.417602
2.59 0.417871
2.6 0.41805
2.61 0.418172
2.62 0.418256
2.63 0.418314
2.64 0.418355
2.65 0.418385
2.66 0.418406
2.67 0.418423
2.68 0.418436
2.69 0.418447
2.7 0.418457
2.71 0.418466
2.72 0.418474
2.73 0.418483
2.74 0.418492
2.75 0.418502
2.76 0.418514
2.77 0.418529
2.78 0.418546
2.79 0.418568
2.8 0.418596
2.81 0.418632
2.82 0.418679
2.83 0.418741
2.84 0.418825
2.85 0.41894
2.86 0.419099
2.87 0.419322
2.88 0.41964
2.89 0.420097
2.9 0.420761
2.91 0.421735
2.92 0.423177
2.93 0.42532
2.94 0.428505
2.95 0.433194
2.96 0.439897
2.97 0.448893
2.98 0.459673
2.99 0.470682
3 0.480177
3.01 0.487352
3.02 0.492353
3.03 0.4957
3.04 0.4979
3.05 0.499337
3.06 0.500275
3.07 0.50089
3.08 0.501295
3.09 0.501564
3.1 0.501744
3.11 0.501865
3.12 0.501949
3.13 0.502007
3.14 0.502048
3.15 0.502078
3.16 0.5021
3.17 0.502116
3.18 0.50213
3.19 0.50214
3.2 0.50215
3.21 0.502159
3.22 0.502167
3.23 0.502176
3.24 0.502185
3.25 0.502196
3.26 0.502208
3.27 0.502222
3.28 0.50224
3.29 0.502261
3.3 0.502289
3.31 0.502325
3.32 0.502372
3.33 0.502434
3.34 0.502518
3.35 0.502633
3.36 0.502792
3.37 0.503016
3.38 0.503333
3.39 0.50379
3.4 0.504454
3.41 0.505429
3.42 0.50687
3.43 0.509013
3.44 0.512198
3.45 0.516887
3.46 0.52359
3.47 0.532586
3.48 0.543366
3.49 0.554375
3.5 0.56387
3.51 0.571045
3.52 0.576046
3.53 0.579393
3.54 0.581593
3.55 0.58303
3.56 0.583968
3.57 0.584583
3.58 0.584988
3.59 0.585257
3.6 0.585437
3.61 0.585559
3.62 0.585642
3.63 0.5857
3.64 0.585741
3.65 0.585771
3.66 0.585793
3.67 0.585809
3.68 0.585823
3.69 0.585834
3.7 0.585843
3.71 0.585852
3.72 0.58586
3.73 0.585869
3.74 0.585878
3.75 0.585889
3.76 0.585901
3.77 0.585915
3.78 0.585933
3.79 0.585955
3.8 0.585982
3.81 0.586018
3.82 0.586065
3.83 0.586127
3.84 0.586211
3.85 0.586326
3.86 0.586485
3.87 0.586709
3.88 0.587026
3.89 0.587483
3.9 0.588147
3.91 0.589122
3.92 0.590563
3.93 0.592706
3.94 0.595892
3.95 0.60058
3.96 0.607283
3.97 0.616279
3.98 0.627059
3.99 0.638068
4 0.647563
4.01 0.654738
4.02 0.659739
4.03 0.663087
4.04 0.665287
4.05 0.666723
4.06 0.667662
4.07 0.668276
4.08 0.668681
4.09 0.66895
4.1 0.66913
4.11 0.669252
4.12 0.669335
4.13 0.669393
4.14 0.669434
4.15 0.669464
4.16 0.669486
4.17 0.669503
4.18 0.669516
4.19 0.669527
4.2 0.669536
4.21 0.669545
4.22 0.669553
4.23 0.669562
4.24 0.669571
4.25 0.669582
4.26 0.669594
4.27 0.669608
4.28 0.669626
4.29 0.669648
4.3 0.669675
4.31 0.669711
4.32 0.669758
4.33 0.66982
4.34 0.669904
4.35 0.670019
4.36 0.670178
4.37 0.670402
4.38 0.67072
4.39 0.671176
4.4 0.67184
4.41 0.672815
4.42 0.674256
4.43 0.676399
4.44 0.679585
4.45 0.684273
4.46 0.690976
4.47 0.699972
4.48 0.710752
4.49 0.721761
4.5 0.731256
4.51 0.738431
4.52 0.743433
4.53 0.74678
4.54 0.74898
4.55 0.750417
4.56 0.751355
4.57 0.751969
4.58 0.752374
4.59 0.752643
4.6 0.752823
4.61 0.752945
4.62 0.753028
4.63 0.753086
4.64 0.753127
4.65 0.753157
4.66 0.753179
4.67 0.753196
4.68 0.753209
4.69 0.75322
4.7 0.753229
4.71 0.753238
4.72 0.753247
4.73 0.753255
4.74 0.753265
4.75 0.753275
4.76 0.753287
4.77 0.753301
4.78 0.753319
4.79 0.753341
4.8 0.753369
4.81 0.753404
4.82 0.753451
4.83 0.753514
4.84 0.753598
4.85 0.753712
4.86 0.753872
4.87 0.754095
4.88 0.754413
4.89 0.754869
4.9 0.755533
4.91 0.756508
4.92 0.757949
4.93 0.760092
4.94 0.763278
4.95 0.767966
4.96 0.774669
4.97 0.783665
4.98 0.794446
4.99 0.805454
5 0.814949
5.01 0.822124
5.02 0.827126
5.03 0.830473
5.04 0.832673
5.05 0.83411
5.06 0.835048
5.07 0.835663
5.08 0.836067
5.09 0.836336
5.1 0.836516
5.11 0.836638
5.12 0.836721
5.13 0.836779
5.14 0.836821
5.15 0.83685
5.16 0.836872
5.17 0.836889
5.18 0.836902
5.19 0.836913
5.2 0.836923
5.21 0.836931
5.22 0.83694
5.23 0.836948
5.24 0.836958
5.25 0.836968
5.26 0.83698
5.27 0.836995
5.28 0.837012
5.29 0.837034
5.3 0.837062
5.31 0.837097
5.32 0.837144
5.33 0.837207
5.34 0.837291
5.35 0.837406
5.36 0.837565
5.37 0.837788
5.38 0.838106
5.39 0.838563
5.4 0.839227
5.41 0.840201
5.42 0.841643
5.43 0.843786
5.44 0.846971
5.45 0.851659
5.46 0.858362
5.47 0.867358
5.48 0.878139
5.49 0.889147
5.5 0.898643
5.51 0.905817
5.52 0.910819
5.53 0.914166
5.54 0.916366
5.55 0.917803
5.56 0.918741
5.57 0.919356
5.58 0.919761
5.59 0.920029
5.6 0.920209
5.61 0.920331
5.62 0.920415
5.63 0.920473
5.64 0.920514
5.65 0.920543
5.66 0.920565
5.67 0.920582
5.68 0.920595
5.69 0.920606
5.7 0.920616
5.71 0.920624
5.72 0.920633
5.73 0.920642
5.74 0.920651
5.75 0.920661
5.76 0.920673
5.77 0.920688
5.78 0.920705
5.79 0.920727
5.8 0.920755
5.81 0.920791
5.82 0.920838
5.83 0.9209
5.84 0.920984
5.85 0.921099
5.86 0.921258
5.87 0.921481
5.88 0.921799
5.89 0.922256
5.9 0.92292
5.91 0.923894
5.92 0.925336
5.93 0.927479
5.94 0.930664
5.95 0.935352
5.96 0.942055
5.97 0.951052
5.98 0.961832
5.99 0.972841
6 0.982336
6.01 0.98951
6.02 0.994512
6.03 0.997859
6.04 1.00006
6.05 1.0015
6.06 1.00243
6.07 1.00305
6.08 1.00345
6.09 1.00372
6.1 1.0039
6.11 1.00402
6.12 1.00411
6.13 1.00417
6.14 1.00421
6.15 1.00424
6.16 1.00426
6.17 1.00428
6.18 1.00429
6.19 1.0043
6.2 1.00431
6.21 1.00432
6.22 1.00433
6.23 1.00433
6.24 1.00434
6.25 1.00435
6.26 1.00437
6.27 1.00438
6.28 1.0044
6.29 1.00442
6.3 1.00445
6.31 1.00448
6.32 1.00453
6.33 1.00459
6.34 1.00468
6.35 1.00479
6.36 1.00495
6.37 1.00517
6.38 1.00549
6.39 1.00595
6.4 1.00661
6.41 1.00759
6.42 1.00903
6.43 1.01117
6.44 1.01436
6.45 1.01905
6.46 1.02575
6.47 1.03474
6.48 1.04552
6.49 1.05653
6.5 1.06603
6.51 1.0732
6.52 1.07821
6.53 1.08155
6.54 1.08375
6.55 1.08519
6.56 1.08613
6.57 1.08674
6.58 1.08715
6.59 1.08742
6.6 1.0876
6.61 1.08772
6.62 1.0878
6.63 1.08786
6.64 1.0879
6.65 1.08793
6.66 1.08795
6.67 1.08797
6.68 1.08798
6.69 1.08799
6.7 1.088
6.71 1.08801
6.72 1.08802
6.73 1.08803
6.74 1.08804
6.75 1.08805
6.76 1.08806
6.77 1.08807
6.78 1.08809
6.79 1.08811
6.8 1.08814
6.81 1.08818
6.82 1.08822
6.83 1.08829
6.84 1.08837
6.85 1.08848
6.86 1.08864
6.87 1.08887
6.88 1.08919
6.89 1.08964
6.9 1.09031
6.91 1.09128
6.92 1.09272
6.93 1.09487
6.94 1.09805
6.95 1.10274
6.96 1.10944
6.97 1.11844
6.98 1.12922
6.99 1.14023
7 1.14972
7.01 1.1569
7.02 1.1619
7.03 1.16525
7.04 1.16745
7.05 1.16888
7.06 1.16982
7.07 1.17044
7.08 1.17084
7.09 1.17111
7.1 1.17129
7.11 1.17141
7.12 1.17149
7.13 1.17155
7.14 1.17159
7.15 1.17162
7.16 1.17164
7.17 1.17166
7.18 1.17167
7.19 1.17169
7.2 1.1717
7.21 1.1717
7.22 1.17171
7.23 1.17172
7.24 1.17173
7.25 1.17174
7.26 1.17175
7.27 1.17177
7.28 1.17178
7.29 1.17181
7.3 1.17183
7.31 1.17187
7.32 1.17192
7.33 1.17198
7.34 1.17206
7.35 1.17218
7.36 1.17234
7.37 1.17256
7.38 1.17288
7.39 1.17334
7.4 1.174
7.41 1.17497
7.42 1.17642
7.43 1.17856
7.44 1.18174
7.45 1.18643
7.46 1.19313
7.47 1.20213
7.48 1.21291
7.49 1.22392
7.5 1.23342
7.51 1.24059
7.52 1.24559
7.53 1.24894
7.54 1.25114
7.55 1.25258
7.56 1.25351
7.57 1.25413
7.58 1.25453
7.59 1.2548
7.6 1.25498
7.61 1.2551
7.62 1.25519
7.63 1.25525
7.64 1.25529
7.65 1.25532
7.66 1.25534
7.67 1.25535
7.68 1.25537
7.69 1.25538
7.7 1.25539
7.71 1.2554
7.72 1.25541
7.73 1.25541
7.74 1.25542
7.75 1.25543
7.76 1.25545
7.77 1.25546
7.78 1.25548
7.79 1.2555
7.8 1.25553
7.81 1.25556
7.82 1.25561
7.83 1.25567
7.84 1.25576
7.85 1.25587
7.86 1.25603
7.87 1.25625
7.88 1.25657
7.89 1.25703
7.9 1.25769
7.91 1.25867
7.92 1.26011
7.93 1.26225
7.94 1.26544
7.95 1.27012
7.96 1.27683
7.97 1.28582
7.98 1.2966
7.99 1.30761
8 1.31711
8.01 1.32428
8.02 1.32928
8.03 1.33263
8.04 1.33483
8.05 1.33627
8.06 1.33721
8.07 1.33782
8.08 1.33823
8.09 1.3385
8.1 1.33867
8.11 1.3388
8.12 1.33888
8.13 1.33894
8.14 1.33898
8.15 1.33901
8.16 1.33903
8.17 1.33905
8.18 1.33906
8.19 1.33907
8.2 1.33908
8.21 1.33909
8.22 1.3391
8.23 1.33911
8.24 1.33912
8.25 1.33913
8.26 1.33914
8.27 1.33915
8.28 1.33917
8.29 1.33919
8.3 1.33922
8.31 1.33926
8.32 1.3393
8.33 1.33937
8.34 1.33945
8.35 1.33956
8.36 1.33972
8.37 1.33995
8.38 1.34026
8.39 1.34072
8.4 1.34139
8.41 1.34236
8.42 1.3438
8.43 1.34594
8.44 1.34913
8.45 1.35382
8.46 1.36052
8.47 1.36952
8.48 1.3803
8.49 1.39131
8.5 1.4008
8.51 1.40798
8.52 1.41298
8.53 1.41632
8.54 1.41852
8.55 1.41996
8.56 1.4209
8.57 1.42151
8.58 1.42192
8.59 1.42219
8.6 1.42237
8.61 1.42249
8.62 1.42257
8.63 1.42263
8.64 1.42267
8.65 1.4227
8.66 1.42272
8.67 1.42274
8.68 1.42275
8.69 1.42277
8.7 1.42277
8.71 1.42278
8.72 1.42279
8.73 1.4228
8.74 1.42281
8.75 1.42282
8.76 1.42283
8.77 1.42285
8.78 1.42286
8.79 1.42289
8.8 1.42291
8.81 1.42295
8.82 1.423
8.83 1.42306
8.84 1.42314
8.85 1.42326
8.86 1.42342
8.87 1.42364
8.88 1.42396
8.89 1.42441
8.9 1.42508
8.91 1.42605
8.92 1.42749
8.93 1.42964
8.94 1.43282
8.95 1.43751
8.96 1.44421
8.97 1.45321
8.98 1.46399
8.99 1.475
9 1.48449
9.01 1.49167
9.02 1.49667
9.03 1.50002
9.04 1.50222
9.05 1.50365
9.06 1.50459
9.07 1.50521
9.08 1.50561
9.09 1.50588
9.1 1.50606
9.11 1.50618
9.12 1.50627
9.13 1.50632
9.14 1.50637
9.15 1.5064
9.16 1.50642
9.17 1.50643
9.18 1.50645
9.19 1.50646
9.2 1.50647
9.21 1.50648
9.22 1.50648
9.23 1.50649
9.24 1.5065
9.25 1.50651
9.26 1.50653
9.27 1.50654
9.28 1.50656
9.29 1.50658
9.3 1.50661
9.31 1.50664
9.32 1.50669
9.33 1.50675
9.34 1.50684
9.35 1.50695
9.36 1.50711
9.37 1.50733
9.38 1.50765
9.39 1.50811
9.4 1.50877
9.41 1.50975
9.42 1.51119
9.43 1.51333
9.44 1.51652
9.45 1.5212
9.46 1.52791
9.47 1.5369
9.48 1.54768
9.49 1.55869
9.5 1.56819
9.51 1.57536
9.52 1.58036
9.53 1.58371
9.54 1.58591
9.55 1.58735
9.56 1.58829
9.57 1.5889
9.58 1.58931
9.59 1.58957
9.6 1.58975
9.61 1.58988
9.62 1.58996
9.63 1.59002
9.64 1.59006
9.65 1.59009
9.66 1.59011
9.67 1.59013
9.68 1.59014
9.69 1.59015
9.7 1.59016
9.71 1.59017
9.72 1.59018
9.73 1.59019
9.74 1.5902
9.75 1.59021
9.76 1.59022
9.77 1.59023
9.78 1.59025
9.79 1.59027
9.8 1.5903
9.81 1.59034
9.82 1.59038
9.83 1.59044
9.84 1.59053
9.85 1.59064
9.86 1.5908
9.87 1.59103
9.88 1.59134
9.89 1.5918
9.9 1.59246
9.91 1.59344
9.92 1.59488
9.93 1.59702
9.94 1.60021
9.95 1.6049
9.96 1.6116
9.97 1.6206
9.98 1.63138
9.99 1.64239
10 1.65188
10.01 1.65906
10.02 1.66406
10.03 1.6674
10.04 1.6696
10.05 1.67104
10.06 1.67198
10.07 1.67259
10.08 1.673
10.09 1.67327
10.1 1.67345
10.11 1.67357
10.12 1.67365
10.13 1.67371
10.14 1.67375
10.15 1.67378
10.16 1.6738
10.17 1.67382
10.18 1.67383
10.19 1.67384
10.2 1.67385
10.21 1.67386
10.22 1.67387
10.23 1.67388
10.24 1.67389
10.25 1.6739
10.26 1.67391
10.27 1.67393
10.28 1.67394
10.29 1.67397
10.3 1.67399
10.31 1.67403
10.32 1.67408
10.33 1.67414
10.34 1.67422
10.35 1.67434
10.36 1.6745
10.37 1.67472
10.38 1.67504
10.39 1.67549
10.4 1.67616
10.41 1.67713
10.42 1.67857
10.43 1.68072
10.44 1.6839
10.45 1.68859
10.46 1.69529
10.47 1.70429
10.48 1.71507
10.49 1.72608
10.5 1.73557
10.51 1.74275
10.52 1.74775
10.53 1.7511
10.54 1.7533
10.55 1.75473
10.56 1.75567
10.57 1.75629
10.58 1.75669
10.59 1.75696
10.6 1.75714
10.61 1.75726
10.62 1.75735
10.63 1.7574
10.64 1.75745
10.65 1.75747
10.66 1.7575
10.67 1.75751
10.68 1.75753
10.69 1.75754
10.7 1.75755
10.71 1.75756
10.72 1.75756
10.73 1.75757
10.74 1.75758
10.75 1.75759
10.76 1.7576
10.77 1.75762
10.78 1.75764
10.79 1.75766
10.8 1.75769
10.81 1.75772
10.82 1.75777
10.83 1.75783
10.84 1.75792
10.85 1.75803
10.86 1.75819
10.87 1.75841
10.88 1.75873
10.89 1.75919
10.9 1.75985
10.91 1.76083
10.92 1.76227
10.93 1.76441
10.94 1.7676
10.95 1.77228
10.96 1.77899
10.97 1.78798
10.98 1.79876
10.99 1.80977
11 1.81927
11.01 1.82644
11.02 1.83144
11.03 1.83479
11.04 1.83699
11.05 1.83843
11.06 1.83937
11.07 1.83998
11.08 1.84039
11.09 1.84065
11.1 1.84083
11.11 1.84096
11.12 1.84104
11.13 1.8411
11.14 1.84114
11.15 1.84117
11.16 1.84119
11.17 1.84121
11.18 1.84122
11.19 1.84123
11.2 1.84124
11.21 1.84125
11.22 1.84126
11.23 1.84127
11.24 1.84128
11.25 1.84129
11.26 1.8413
11.27 1.84131
11.28 1.84133
11.29 1.84135
11.3 1.84138
11.31 1.84142
11.32 1.84146
11.33 1.84152
11.34 1.84161
11.35 1.84172
11.36 1.84188
11.37 1.84211
11.38 1.84242
11.39 1.84288
11.4 1.84354
11.41 1.84452
11.42 1.84596
11.43 1.8481
11.44 1.85129
11.45 1.85598
11.46 1.86268
11.47 1.87168
11.48 1.88246
11.49 1.89347
11.5 1.90296
11.51 1.91013
11.52 1.91514
11.53 1.91848
11.54 1.92068
11.55 1.92212
11.56 1.92306
11.57 1.92367
11.58 1.92408
11.59 1.92435
11.6 1.92453
11.61 1.92465
11.62 1.92473
11.63 1.92479
11.64 1.92483
11.65 1.92486
11.66 1.92488
11.67 1.9249
11.68 1.92491
11.69 1.92492
11.7 1.92493
11.71 1.92494
11.72 1.92495
11.73 1.92496
11.74 1.92497
11.75 1.92498
11.76 1.92499
11.77 1.92501
11.78 1.92502
11.79 1.92504
11.8 1.92507
11.81 1.92511
11.82 1.92516
11.83 1.92522
11.84 1.9253
11.85 1.92542
11.86 1.92558
11.87 1.9258
11.88 1.92612
11.89 1.92657
11.9 1.92724
11.91 1.92821
11.92 1.92965
11.93 1.9318
11.94 1.93498
11.95 1.93967
11.96 1.94637
11.97 1.95537
11.98 1.96615
11.99 1.97716
12 1.98665
12.01 1.99383
12.02 1.99883
12.03 2.00218
12.04 2.00438
12.05 2.00581
12.06 2.00675
12.07 2.00737
12.08 2.00777
12.09 2.00804
12.1 2.00822
12.11 2.00834
12.12 2.00843
12.13 2.00848
12.14 2.00852
12.15 2.00855
12.16 2.00858
12.17 2.00859
12.18 2.00861
12.19 2.00862
12.2 2.00863
12.21 2.00864
12.22 2.00864
12.23 2.00865
12.24 2.00866
12.25 2.00867
12.26 2.00868
12.27 2.0087
12.28 2.00872
12.29 2.00874
12.3 2.00877
12.31 2.0088
12.32 2.00885
12.33 2.00891
12.34 2.00899
12.35 2.00911
12.36 2.00927
12.37 2.00949
12.38 2.00981
12.39 2.01027
12.4 2.01093
12.41 2.01191
12.42 2.01335
12.43 2.01549
12.44 2.01868
12.45 2.02336
12.46 2.03007
12.47 2.03906
12.48 2.04984
12.49 2.06085
12.5 2.07035
12.51 2.07752
12.52 2.08252
12.53 2.08587
12.54 2.08807
12.55 2.08951
12.56 2.09045
12.57 2.09106
12.58 2.09146
12.59 2.09173
12.6 2.09191
12.61 2.09204
12.62 2.09212
12.63 2.09218
12.64 2.09222
12.65 2.09225
12.66 2.09227
12.67 2.09229
12.68 2.0923
12.69 2.09231
12.7 2.09232
12.71 2.09233
12.72 2.09234
12.73 2.09235
12.74 2.09235
12.75 2.09237
12.76 2.09238
12.77 2.09239
12.78 2.09241
12.79 2.09243
12.8 2.09246
12.81 2.09249
12.82 2.09254
12.83 2.0926
12.84 2.09269
12.85 2.0928
12.86 2.09296
12.87 2.09319
12.88 2.0935
12.89 2.09396
12.9 2.09462
12.91 2.0956
12.92 2.09704
12.93 2.09918
12.94 2.10237
12.95 2.10706
12.96 2.11376
12.97 2.12276
12.98 2.13354
12.99 2.14454
13 2.15404
13.01 2.16121
13.02 2.16622
13.03 2.16956
13.04 2.17176
13.05 2.1732
13.06 2.17414
13.07 2.17475
13.08 2.17516
13.09 2.17543
13.1 2.17561
13.11 2.17573
13.12 2.17581
13.13 2.17587
13.14 2.17591
13.15 2.17594
13.16 2.17596
13.17 2.17598
13.18 2.17599
13.19 2.176
13.2 2.17601
13.21 2.17602
13.22 2.17603
13.23 2.17604
13.24 2.17605
13.25 2.17606
13.26 2.17607
13.27 2.17608
13.28 2.1761
13.29 2.17612
13.3 2.17615
13.31 2.17619
13.32 2.17623
13.33 2.1763
13.34 2.17638
13.35 2.1765
13.36 2.17666
13.37 2.17688
13.38 2.1772
13.39 2.17765
13.4 2.17832
13.41 2.17929
13.42 2.18073
13.43 2.18288
13.44 2.18606
13.45 2.19075
13.46 2.19745
13.47 2.20645
13.48 2.21723
13.49 2.22824
13.5 2.23773
13.51 2.24491
13.52 2.24991
13.53 2.25326
13.54 2.25546
13.55 2.25689
13.56 2.25783
13.57 2.25845
13.58 2.25885
13.59 2.25912
13.6 2.2593
13.61 2.25942
13.62 2.2595
13.63 2.25956
13.64 2.2596
13.65 2.25963
13.66 2.25966
13.67 2.25967
13.68 2.25969
13.69 2.2597
13.7 2.25971
13.71 2.25971
13.72 2.25972
13.73 2.25973
13.74 2.25974
13.75 2.25975
13.76 2.25976
13.77 2.25978
13.78 2.2598
13.79 2.25982
13.8 2.25985
13.81 2.25988
13.82 2.25993
13.83 2.25999
13.84 2.26007
13.85 2.26019
13.86 2.26035
13.87 2.26057
13.88 2.26089
13.89 2.26135
13.9 2.26201
13.91 2.26298
13.92 2.26443
13.93 2.26657
13.94 2.26975
13.95 2.27444
13.96 2.28115
13.97 2.29014
13.98 2.30092
13.99 2.31193
14 2.32143
14.01 2.3286
14.02 2.3336
14.03 2.33695
14.04 2.33915
14.05 2.34059
14.06 2.34152
14.07 2.34214
14.08 2.34254
14.09 2.34281
14.1 2.34299
14.11 2.34311
14.12 2.3432
14.13 2.34326
14.14 2.3433
14.15 2.34333
14.16 2.34335
14.17 2.34337
14.18 2.34338
14.19 2.34339
14.2 2.3434
14.21 2.34341
14.22 2.34342
14.23 2.34342
14.24 2.34343
14.25 2.34344
14.26 2.34346
14.27 2.34347
14.28 2.34349
14.29 2.34351
14.3 2.34354
14.31 2.34357
14.32 2.34362
14.33 2.34368
14.34 2.34377
14.35 2.34388
14.36 2.34404
14.37 2.34426
14.38 2.34458
14.39 2.34504
14.4 2.3457
14.41 2.34668
14.42 2.34812
14.43 2.35026
14.44 2.35345
14.45 2.35814
14.46 2.36484
14.47 2.37384
14.48 2.38462
14.49 2.39562
14.5 2.40512
14.51 2.41229
14.52 2.4173
14.53 2.42064
14.54 2.42284
14.55 2.42428
14.56 2.42522
14.57 2.42583
14.58 2.42624
14.59 2.42651
14.6 2.42669
14.61 2.42681
14.62 2.42689
14.63 2.42695
14.64 2.42699
14.65 2.42702
14.66 2.42704
14.67 2.42706
14.68 2.42707
14.69 2.42708
14.7 2.42709
14.71 2.4271
14.72 2.42711
14.73 2.42712
14.74 2.42713
14.75 2.42714
14.76 2.42715
14.77 2.42716
14.78 2.42718
14.79 2.4272
14.8 2.42723
14.81 2.42727
14.82 2.42731
14.83 2.42738
14.84 2.42746
14.85 2.42758
14.86 2.42773
14.87 2.42796
14.88 2.42828
14.89 2.42873
14.9 2.4294
14.91 2.43037
14.92 2.43181
14.93 2.43396
14.94 2.43714
14.95 2.44183
14.96 2.44853
14.97 2.45753
14.98 2.46831
14.99 2.47932
15 2.48881
15.01 2.49599
15.02 2.50099
15.03 2.50434
15.04 2.50654
15.05 2.50797
15.06 2.50891
15.07 2.50953
15.08 2.50993
15.09 2.5102
15.1 2.51038
15.11 2.5105
15.12 2.51058
15.13 2.51064
15.14 2.51068
15.15 2.51071
15.16 2.51074
15.17 2.51075
15.18 2.51077
15.19 2.51078
15.2 2.51079
15.21 2.51079
15.22 2.5108
15.23 2.51081
15.24 2.51082
15.25 2.51083
15.26 2.51084
15.27 2.51086
15.28 2.51087
15.29 2.5109
15.3 2.51092
15.31 2.51096
15.32 2.51101
15.33 2.51107
15.34 2.51115
15.35 2.51127
15.36 2.51143
15.37 2.51165
15.38 2.51197
15.39 2.51243
15.4 2.51309
15.41 2.51406
15.42 2.51551
15.43 2.51765
15.44 2.52083
15.45 2.52552
15.46 2.53223
15.47 2.54122
15.48 2.552
15.49 2.56301
15.5 2.57251
15.51 2.57968
15.52 2.58468
15.53 2.58803
15.54 2.59023
15.55 2.59167
15.56 2.5926
15.57 2.59322
15.58 2.59362
15.59 2.59389
15.6 2.59407
15.61 2.59419
15.62 2.59428
15.63 2.59434
15.64 2.59438
15.65 2.59441
15.66 2.59443
15.67 2.59444
15.68 2.59446
15.69 2.59447
15.7 2.59448
15.71 2.59449
15.72 2.5945
15.73 2.5945
15.74 2.59451
15.75 2.59452
15.76 2.59454
15.77 2.59455
15.78 2.59457
15.79 2.59459
15.8 2.59462
15.81 2.59465
15.82 2.5947
15.83 2.59476
15.84 2.59485
15.85 2.59496
15.86 2.59512
15.87 2.59534
15.88 2.59566
15.89 2.59612
15.9 2.59678
15.91 2.59776
15.92 2.5992
15.93 2.60134
15.94 2.60453
15.95 2.60922
15.96 2.61592
15.97 2.62491
15.98 2.63569
15.99 2.6467
16 2.6562
16.01 2.66337
16.02 2.66837
16.03 2.67172
16.04 2.67392
16.05 2.67536
16.06 2.6763
16.07 2.67691
16.08 2.67732
16.09 2.67759
16.1 2.67777
16.11 2.67789
16.12 2.67797
16.13 2.67803
16.14 2.67807
16.15 2.6781
16.16 2.67812
16.17 2.67814
16.18 2.67815
16.19 2.67816
16.2 2.67817
16.21 2.67818
16.22 2.67819
16.23 2.6782
16.24 2.67821
16.25 2.67822
16.26 2.67823
16.27 2.67824
16.28 2.67826
16.29 2.67828
16.3 2.67831
16.31 2.67835
16.32 2.67839
16.33 2.67846
16.34 2.67854
16.35 2.67865
16.36 2.67881
16.37 2.67904
16.38 2.67935
16.39 2.67981
16.4 2.68048
16.41 2.68145
16.42 2.68289
16.43 2.68503
16.44 2.68822
16.45 2.69291
16.46 2.69961
16.47 2.70861
16.48 2.71939
16.49 2.7304
16.5 2.73989
16.51 2.74707
16.52 2.75207
16.53 2.75542
16.54 2.75762
16.55 2.75905
16.56 2.75999
16.57 2.7606
16.58 2.76101
16.59 2.76128
16.6 2.76146
16.61 2.76158
16.62 2.76166
16.63 2.76172
16.64 2.76176
16.65 2.76179
16.66 2.76181
16.67 2.76183
16.68 2.76184
16.69 2.76186
16.7 2.76186
16.71 2.76187
16.72 2.76188
16.73 2.76189
16.74 2.7619
16.75 2.76191
16.76 2.76192
16.77 2.76194
16.78 2.76195
16.79 2.76198
16.8 2.762
16.81 2.76204
16.82 2.76209
16.83 2.76215
16.84 2.76223
16.85 2.76235
16.86 2.76251
16.87 2.76273
16.88 2.76305
16.89 2.7635
16.9 2.76417
16.91 2.76514
16.92 2.76658
16.93 2.76873
16.94 2.77191
16.95 2.7766
16.96 2.7833
16.97 2.7923
16.98 2.80308
16.99 2.81409
17 2.82358
17.01 2.83076
17.02 2.83576
17.03 2.83911
17.04 2.84131
17.05 2.84275
17.06 2.84368
17.07 2.8443
17.08 2.8447
17.09 2.84497
17.1 2.84515
17.11 2.84527
17.12 2.84536
17.13 2.84541
17.14 2.84546
17.15 2.84549
17.16 2.84551
17.17 2.84552
17.18 2.84554
17.19 2.84555
17.2 2.84556
17.21 2.84557
17.22 2.84558
17.23 2.84558
17.24 2.84559
17.25 2.8456
17.26 2.84562
17.27 2.84563
17.28 2.84565
17.29 2.84567
17.3 2.8457
17.31 2.84573
17.32 2.84578
17.33 2.84584
17.34 2.84593
17.35 2.84604
17.36 2.8462
17.37 2.84642
17.38 2.84674
17.39 2.8472
17.4 2.84786
17.41 2.84884
17.42 2.85028
17.43 2.85242
17.44 2.85561
17.45 2.86029
17.46 2.867
17.47 2.87599
17.48 2.88677
17.49 2.89778
17.5 2.90728
17.51 2.91445
17.52 2.91945
17.53 2.9228
17.54 2.925
17.55 2.92644
17.56 2.92738
17.57 2.92799
17.58 2.9284
17.59 2.92866
17.6 2.92884
17.61 2.92897
17.62 2.92905
17.63 2.92911
17.64 2.92915
17.65 2.92918
17.66 2.9292
17.67 2.92922
17.68 2.92923
17.69 2.92924
17.7 2.92925
17.71 2.92926
17.72 2.92927
17.73 2.92928
17.74 2.92929
17.75 2.9293
17.76 2.92931
17.77 2.92932
17.78 2.92934
17.79 2.92936
17.8 2.92939
17.81 2.92943
17.82 2.92947
17.83 2.92954
17.84 2.92962
17.85 2.92973
17.86 2.92989
17.87 2.93012
17.88 2.93043
17.89 2.93089
17.9 2.93156
17.91 2.93253
17.92 2.93397
17.93 2.93611
17.94 2.9393
17.95 2.94399
17.96 2.95069
17.97 2.95969
17.98 2.97047
17.99 2.98148
18 2.99097
18.01 2.99815
18.02 3.00315
18.03 3.00649
18.04 3.00869
18.05 3.01013
18.06 3.01107
18.07 3.01168
18.08 3.01209
18.09 3.01236
18.1 3.01254
18.11 3.01266
18.12 3.01274
18.13 3.0128
18.14 3.01284
18.15 3.01287
18.16 3.01289
18.17 3.01291
18.18 3.01292
18.19 3.01293
18.2 3.01294
18.21 3.01295
18.22 3.01296
18.23 3.01297
18.24 3.01298
18.25 3.01299
18.26 3.013
18.27 3.01302
18.28 3.01303
18.29 3.01306
18.3 3.01308
18.31 3.01312
18.32 3.01317
18.33 3.01323
18.34 3.01331
18.35 3.01343
18.36 3.01359
18.37 3.01381
18.38 3.01413
18.39 3.01458
18.4 3.01525
18.41 3.01622
18.42 3.01766
18.43 3.01981
18.44 3.02299
18.45 3.02768
18.46 3.03438
18.47 3.04338
18.48 3.05416
18.49 3.06517
18.5 3.07466
18.51 3.08184
18.52 3.08684
18.53 3.09019
18.54 3.09239
18.55 3.09382
18.56 3.09476
18.57 3.09538
18.58 3.09578
18.59 3.09605
18.6 3.09623
18.61 3.09635
18.62 3.09644
18.63 3.09649
18.64 3.09654
18.65 3.09657
18.66 3.09659
18.67 3.0966
18.68 3.09662
18.69 3.09663
18.7 3.09664
18.71 3.09665
18.72 3.09665
18.73 3.09666
18.74 3.09667
18.75 3.09668
18.76 3.0967
18.77 3.09671
18.78 3.09673
18.79 3.09675
18.8 3.09678
18.81 3.09681
18.82 3.09686
18.83 3.09692
18.84 3.09701
18.85 3.09712
18.86 3.09728
18.87 3.0975
18.88 3.09782
18.89 3.09828
18.9 3.09894
18.91 3.09992
18.92 3.10136
18.93 3.1035
18.94 3.10669
18.95 3.11137
18.96 3.11808
18.97 3.12707
18.98 3.13785
18.99 3.14886
19 3.15836
19.01 3.16553
19.02 3.17053
19.03 3.17388
19.04 3.17608
19.05 3.17752
19.06 3.17846
19.07 3.17907
19.08 3.17948
19.09 3.17974
19.1 3.17992
19.11 3.18005
19.12 3.18013
19.13 3.18019
19.14 3.18023
19.15 3.18026
19.16 3.18028
19.17 3.1803
19.18 3.18031
19.19 3.18032
19.2 3.18033
19.21 3.18034
19.22 3.18035
19.23 3.18036
19.24 3.18037
19.25 3.18038
19.26 3.18039
19.27 3.1804
19.28 3.18042
19.29 3.18044
19.3 3.18047
19.31 3.18051
19.32 3.18055
19.33 3.18061
19.34 3.1807
19.35 3.18081
19.36 3.18097
19.37 3.1812
19.38 3.18151
19.39 3.18197
19.4 3.18263
19.41 3.18361
19.42 3.18505
19.43 3.18719
19.44 3.19038
19.45 3.19507
19.46 3.20177
19.47 3.21077
19.48 3.22155
19.49 3.23256
19.5 3.24205
19.51 3.24923
19.52 3.25423
19.53 3.25757
19.54 3.25977
19.55 3.26121
19.56 3.26215
19.57 3.26276
19.58 3.26317
19.59 3.26344
19.6 3.26362
19.61 3.26374
19.62 3.26382
19.63 3.26388
19.64 3.26392
19.65 3.26395
19.66 3.26397
19.67 3.26399
19.68 3.264
19.69 3.26401
19.7 3.26402
19.71 3.26403
19.72 3.26404
19.73 3.26405
19.74 3.26406
19.75 3.26407
19.76 3.26408
19.77 3.2641
19.78 3.26411
19.79 3.26414
19.8 3.26416
19.81 3.2642
19.82 3.26425
19.83 3.26431
19.84 3.26439
19.85 3.26451
19.86 3.26467
19.87 3.26489
19.88 3.26521
19.89 3.26566
19.9 3.26633
19.91 3.2673
19.92 3.26874
19.93 3.27089
19.94 3.27407
19.95 3.27876
19.96 3.28546
19.97 3.29446
19.98 3.30524
19.99 3.31625
20 3.32574
